Phone1	PhonEnv	Phone2	Surprisal
a	<|S|	a_v	0.0
a	<|S|>	a_v	0.0
a	|S|>	a_v	0.0
b	#|S|	b̥	0.047
b	#|S|	v_ʊ	4.977
b	#|S|<	b̥	0.035
b	#|S|<_F	b̥	0.028
b	#|S|<_R	b̥	0.028
b	#|S|F	b̥	0.035
b	#|S|R	b̥	0.035
b	>|S|	v_ʊ	1.454
b	>|S|	b̥	1.729
b	>|S|<	v_ʊ	1.326
b	>|S|<	b̥	2.144
b	F_>|S|	v_ʊ	1.869
b	F_>|S|	b̥	2.144
b	F_>|S|<	v_ʊ	1.807
b	F_>|S|<	b̥	2.466
b	F|S|	b̥	1.729
b	F|S|	v_ʊ	1.977
b	F|S|<	v_ʊ	1.869
b	F|S|<	b̥	2.144
b	|S|<	b̥	0.231
b	|S|<	v_ʊ	3.478
b	|S|<_F	b̥	0.035
b	|S|<_R	b̥	0.035
b	|S|F	b̥	0.047
b	|S|F	v_ʊ	4.977
b	|S|R	b̥	0.047
b	|S|R	v_ʊ	4.977
b_n	>|S|	v_a	0.0
b_n	>|S|#	v_a	0.0
b_n	F_>|S|	v_a	0.0
b_n	F_>|S|#	v_a	0.0
b_n	F|S|	v_a	0.0
b_n	F|S|#	v_a	0.0
b_n	|S|#	v_a	0.0
b̥	>|S|	v_ʊ	0.363
b̥	>|S|#	v_ʊ	0.415
b̥	F_>|S|	v_ʊ	0.415
b̥	F_>|S|#	v_ʊ	0.447
b̥	F|S|	v_ʊ	0.363
b̥	F|S|#	v_ʊ	0.415
b̥	|S|#	v_ʊ	0.363
d	#|S|	tʰ	0.433
d	#|S|	ʧʰ	2.755
d	#|S|	-	4.17
d	#|S|	d̥	4.17
d	#|S|<	tʰ	0.389
d	#|S|<	ʧʰ	2.71
d	#|S|<	-	4.585
d	#|S|<	d̥	4.585
d	#|S|<_F	tʰ	0.551
d	#|S|<_F	ʧʰ	1.995
d	#|S|<_F	-	4.907
d	#|S|<_F	d̥	4.907
d	#|S|<_R	tʰ	0.134
d	#|S|<_R	-	4.907
d	#|S|<_R	d̥	4.907
d	#|S|F	tʰ	0.568
d	#|S|F	ʧʰ	2.047
d	#|S|F	-	4.585
d	#|S|F	d̥	4.585
d	#|S|R	tʰ	0.17
d	#|S|R	-	4.585
d	#|S|R	d̥	4.585
d	#|S|R	ʧʰ	5.17
d	>|S|	-	1.363
d	>|S|	d̥	1.363
d	>|S|	tʰ	2.433
d	>|S|	ʧʰ	4.755
d	>|S|<	-	1.263
d	>|S|<	d̥	1.263
d	>|S|<	tʰ	2.848
d	>|S|<	ʧʰ	5.17
d	>|S|<_N	d̥	0.263
d	>|S|<_N	tʰ	3.17
d	>|S|<_N	-	4.907
d	>|S|N	d̥	0.337
d	>|S|N	tʰ	2.848
d	>|S|N	-	4.585
d	>|S|N	ʧʰ	5.17
d	F_>|S|	-	0.337
d	F_>|S|	tʰ	2.848
d	F_>|S|	d̥	4.585
d	F_>|S|	ʧʰ	5.17
d	F_>|S|<	-	0.263
d	F_>|S|<	tʰ	3.17
d	F_>|S|<	d̥	4.907
d	F|S|	-	0.469
d	F|S|	tʰ	2.433
d	F|S|	d̥	4.17
d	F|S|	ʧʰ	4.755
d	F|S|<	-	0.337
d	F|S|<	tʰ	2.848
d	F|S|<	d̥	4.585
d	F|S|<	ʧʰ	5.17
d	|S|<	tʰ	0.848
d	|S|<	-	2.585
d	|S|<	d̥	2.585
d	|S|<	ʧʰ	3.17
d	|S|<_F	tʰ	0.568
d	|S|<_F	ʧʰ	2.047
d	|S|<_F	-	4.585
d	|S|<_F	d̥	4.585
d	|S|<_N	d̥	0.337
d	|S|<_N	tʰ	2.848
d	|S|<_N	-	4.585
d	|S|<_N	ʧʰ	5.17
d	|S|<_R	tʰ	0.17
d	|S|<_R	-	4.585
d	|S|<_R	d̥	4.585
d	|S|<_R	ʧʰ	5.17
d	|S|F	tʰ	0.596
d	|S|F	ʧʰ	2.136
d	|S|F	-	4.17
d	|S|F	d̥	4.17
d	|S|N	d̥	0.469
d	|S|N	tʰ	2.433
d	|S|N	-	4.17
d	|S|N	ʧʰ	4.755
d	|S|R	tʰ	0.231
d	|S|R	-	4.17
d	|S|R	d̥	4.17
d	|S|R	ʧʰ	4.755
d̥	>|S|	d̥	0.531
d̥	>|S|#	d̥	0.613
d̥	F_>|S|	d̥	2.0
d̥	F_>|S|#	d̥	2.322
d̥	F|S|	d̥	1.585
d̥	F|S|#	d̥	2.0
d̥	|S|#	d̥	0.531
eː	<|S|	a	0.0
eː	<|S|>	a	0.0
eː	<|S|>_N	a	0.0
eː	<|S|N	a	0.0
eː	|S|>	a	0.0
eː	|S|>_N	a	0.0
eː	|S|N	a	0.0
f	#|S|	f	0.188
f	#|S|	p	4.17
f	#|S|	v	4.907
f	#|S|	ʰp	4.907
f	#|S|<	f	0.139
f	#|S|<	p	4.585
f	#|S|<_F	f	0.11
f	#|S|<_F	p	4.907
f	#|S|<_R	f	0.11
f	#|S|<_R	p	4.907
f	#|S|F	f	0.139
f	#|S|F	p	4.585
f	#|S|R	f	0.139
f	#|S|R	p	4.585
f	>|S|	p	1.768
f	>|S|	f	1.95
f	>|S|	v	2.505
f	>|S|	ʰp	2.505
f	>|S|#	p	1.778
f	>|S|#	v	1.862
f	>|S|#	f	2.659
f	>|S|#	ʰp	3.206
f	>|S|<	p	1.549
f	>|S|<	ʰp	1.621
f	>|S|<	f	1.697
f	>|S|<_N	p	0.819
f	>|S|<_N	f	1.346
f	>|S|N	p	0.885
f	>|S|N	f	1.292
f	F_>|S|	p	1.462
f	F_>|S|	ʰp	1.529
f	F_>|S|	f	2.659
f	F_>|S|#	p	1.206
f	F_>|S|#	ʰp	2.184
f	F_>|S|#	f	2.981
f	F_>|S|<	ʰp	0.854
f	F_>|S|<	p	1.737
f	F_>|S|<	f	2.981
f	F_>|S|<_N	p	0.216
f	F_>|S|<_N	f	3.244
f	F_>|S|N	p	0.263
f	F_>|S|N	f	2.981
f	F|S|	p	1.551
f	F|S|	ʰp	1.648
f	F|S|	f	2.244
f	F|S|	v	4.907
f	F|S|#	p	1.263
f	F|S|#	ʰp	2.234
f	F|S|#	f	2.659
f	F|S|<	ʰp	0.93
f	F|S|<	p	1.778
f	F|S|<	f	2.659
f	F|S|<_N	p	0.263
f	F|S|<_N	f	2.981
f	F|S|N	p	0.337
f	F|S|N	f	2.659
f	|S|#	p	1.848
f	|S|#	v	1.968
f	|S|#	f	2.244
f	|S|#	ʰp	3.219
f	|S|<	f	0.392
f	|S|<	p	3.139
f	|S|<	ʰp	3.453
f	|S|<	v	4.907
f	|S|<_F	f	0.139
f	|S|<_F	p	4.585
f	|S|<_N	p	0.885
f	|S|<_N	f	1.292
f	|S|<_R	f	0.139
f	|S|<_R	p	4.585
f	|S|F	f	0.188
f	|S|F	p	4.17
f	|S|F	v	4.907
f	|S|F	ʰp	4.907
f	|S|N	p	1.0
f	|S|N	f	1.206
f	|S|N	v	4.907
f	|S|N	ʰp	4.907
f	|S|R	f	0.188
f	|S|R	p	4.17
f	|S|R	v	4.907
f	|S|R	ʰp	4.907
h	#|S|	h	0.0
h	#|S|<	h	0.0
h	#|S|<_F	h	0.0
h	#|S|F	h	0.0
h	|S|<	h	0.0
h	|S|<_F	h	0.0
h	|S|F	h	0.0
h_ˈɛ	#|S|	j	0.0
h_ˈɛ	#|S|<	j	0.0
h_ˈɛ	#|S|>	j	0.0
h_ˈɛ	|S|<	j	0.0
h_ˈɛ	|S|>	j	0.0
k	>|S|	-	1.144
k	>|S|	ɡ̊ː	1.729
k	>|S|	ʰʧ	2.729
k	>|S|#	-	1.0
k	>|S|#	ɡ̊ː	3.585
k	>|S|#	ʰʧ	4.585
k	>|S|<	-	1.234
k	>|S|<	ɡ̊ː	1.383
k	>|S|<	ʰʧ	2.383
k	>|S|<_N	ɡ̊ː	1.1
k	>|S|<_N	ʰʧ	1.206
k	>|S|<_N	-	3.322
k	>|S|N	ɡ̊ː	1.126
k	>|S|N	ʰʧ	1.263
k	>|S|N	-	3.0
k	F_>|S|	-	1.415
k	F_>|S|	ɡ̊ː	1.585
k	F_>|S|	ʰʧ	2.585
k	F_>|S|#	-	3.322
k	F_>|S|#	ɡ̊ː	3.907
k	F_>|S|#	ʰʧ	4.907
k	F_>|S|<	-	1.252
k	F_>|S|<	ɡ̊ː	1.371
k	F_>|S|<	ʰʧ	2.371
k	F_>|S|<_N	ɡ̊ː	1.082
k	F_>|S|<_N	ʰʧ	1.17
k	F_>|S|<_N	-	3.585
k	F_>|S|N	ɡ̊ː	1.1
k	F_>|S|N	ʰʧ	1.206
k	F_>|S|N	-	3.322
k	F|S|	-	1.363
k	F|S|	ɡ̊ː	1.585
k	F|S|	ʰʧ	2.585
k	F|S|#	-	3.0
k	F|S|#	ɡ̊ː	3.585
k	F|S|#	ʰʧ	4.585
k	F|S|<	-	1.234
k	F|S|<	ɡ̊ː	1.383
k	F|S|<	ʰʧ	2.383
k	F|S|<_N	ɡ̊ː	1.1
k	F|S|<_N	ʰʧ	1.206
k	F|S|<_N	-	3.322
k	F|S|N	ɡ̊ː	1.126
k	F|S|N	ʰʧ	1.263
k	F|S|N	-	3.0
k	|S|#	-	1.0
k	|S|#	ɡ̊ː	3.17
k	|S|#	ʰʧ	4.17
k	|S|<	-	1.206
k	|S|<	ɡ̊ː	1.404
k	|S|<	ʰʧ	2.404
k	|S|<_N	ɡ̊ː	1.126
k	|S|<_N	ʰʧ	1.263
k	|S|<_N	-	3.0
k	|S|N	ɡ̊ː	1.17
k	|S|N	ʰʧ	1.363
k	|S|N	-	2.585
kʰ	#|S|	kʰ	0.415
kʰ	#|S|	ʧʰ	2.0
kʰ	#|S|<	kʰ	0.415
kʰ	#|S|<	ʧʰ	2.0
kʰ	#|S|<_F	kʰ	0.72
kʰ	#|S|<_F	ʧʰ	1.348
kʰ	#|S|<_N	kʰ	0.074
kʰ	#|S|<_N	ʧʰ	4.322
kʰ	#|S|F	kʰ	0.699
kʰ	#|S|F	ʧʰ	1.381
kʰ	#|S|N	kʰ	0.093
kʰ	#|S|N	ʧʰ	4.0
kʰ	|S|<	kʰ	0.415
kʰ	|S|<	ʧʰ	2.0
kʰ	|S|<_F	kʰ	0.699
kʰ	|S|<_F	ʧʰ	1.381
kʰ	|S|<_N	kʰ	0.093
kʰ	|S|<_N	ʧʰ	4.0
kʰ	|S|F	kʰ	0.664
kʰ	|S|F	ʧʰ	1.438
kʰ	|S|N	kʰ	0.126
kʰ	|S|N	ʧʰ	3.585
l	#|S|	l	1.885
l	#|S|	l̥	4.585
l	#|S|<	l	2.3
l	#|S|<	l̥	5.0
l	#|S|<_F	l	2.621
l	#|S|F	l	2.3
l	#|S|F	l̥	5.0
l	<|S|	l	0.248
l	<|S|	l̥	4.585
l	<|S|#	l	0.385
l	<|S|#	l̥	5.0
l	<|S|<	l	0.188
l	<|S|<	l̥	5.0
l	<|S|<_F	l	0.27
l	<|S|F	l	0.272
l	<|S|F	l̥	5.0
l	>|S|	l	0.564
l	>|S|	l̥	2.666
l	>|S|	t͡l̥	3.666
l	>|S|#	l	0.991
l	>|S|#	l̥	5.0
l	>|S|<	l	0.385
l	>|S|<	t͡l̥	2.3
l	>|S|<	l̥	5.0
l	>|S|<_F	l	0.055
l	>|S|>	l	0.545
l	>|S|>	l̥	2.026
l	>|S|>	t͡l̥	3.853
l	>|S|F	l	0.069
l	>|S|F	l̥	5.0
l	F_>|S|	l	0.574
l	F_>|S|	l̥	2.541
l	F_>|S|	t͡l̥	4.0
l	F_>|S|#	l	1.22
l	F_>|S|<	l	0.055
l	F_>|S|<_F	l	0.046
l	F_>|S|>	l	0.574
l	F_>|S|>	l̥	2.04
l	F_>|S|>	t͡l̥	3.553
l	F_>|S|F	l	0.055
l	F|S|	l	0.541
l	F|S|	l̥	2.585
l	F|S|	t͡l̥	4.0
l	F|S|#	l	1.142
l	F|S|#	l̥	5.0
l	F|S|<	l	0.069
l	F|S|<	l̥	5.0
l	F|S|<_F	l	0.055
l	F|S|>	l	0.556
l	F|S|>	l̥	2.084
l	F|S|>	t͡l̥	3.577
l	F|S|F	l	0.069
l	F|S|F	l̥	5.0
l	|S|#	l	0.641
l	|S|#	l̥	4.585
l	|S|<	l	0.79
l	|S|<	t͡l̥	4.427
l	|S|<	l̥	4.585
l	|S|<_F	l	1.185
l	|S|<_F	l̥	5.0
l	|S|>	l	0.516
l	|S|>	l̥	2.107
l	|S|>	t͡l̥	3.869
l	|S|F	l	1.055
l	|S|F	l̥	4.585
l_d̥	>|S|	t͡l̥	0.0
l_d̥	>|S|#	t͡l̥	0.0
l_d̥	F_>|S|	t͡l̥	0.0
l_d̥	F_>|S|#	t͡l̥	0.0
l_d̥	F|S|	t͡l̥	0.0
l_d̥	F|S|#	t͡l̥	0.0
l_d̥	|S|#	t͡l̥	0.0
m	#|S|	m	0.0
m	#|S|<	m	0.0
m	#|S|<_F	m	0.0
m	#|S|F	m	0.0
m	>|S|	m	0.082
m	>|S|#	m	0.0
m	>|S|<	m	0.234
m	F_>|S|	m	0.0
m	F_>|S|#	m	0.0
m	F_>|S|<	m	0.0
m	F|S|	m	0.0
m	F|S|#	m	0.0
m	F|S|<	m	0.0
m	|S|#	m	0.0
m	|S|<	m	0.052
m	|S|<_F	m	0.0
m	|S|F	m	0.0
n	#|S|	n	2.986
n	#|S|	a	3.237
n	#|S|	nː	4.822
n	#|S|	-	5.044
n	#|S|<	n	3.401
n	#|S|<	a	3.652
n	#|S|<	nː	5.237
n	#|S|<_F	n	3.722
n	#|S|<_F	a	3.974
n	#|S|F	n	3.401
n	#|S|F	a	3.652
n	#|S|F	nː	5.237
n	<|S|	a	0.804
n	<|S|	n	2.374
n	<|S|	n̥	3.611
n	<|S|	ɹ	4.196
n	<|S|	nː	4.822
n	<|S|	-	5.044
n	<|S|#	a	0.593
n	<|S|#	n	3.029
n	<|S|#	n̥	3.901
n	<|S|#	ɹ	3.986
n	<|S|#	nː	5.237
n	<|S|<	n	1.09
n	<|S|<	n̥	1.372
n	<|S|<	a	3.652
n	<|S|<	nː	5.237
n	<|S|<_F	n̥	0.306
n	<|S|<_F	n	3.722
n	<|S|<_F	a	3.974
n	<|S|>	n	0.243
n	<|S|>	a	3.652
n	<|S|>	nː	5.237
n	<|S|F	n̥	0.393
n	<|S|F	n	3.401
n	<|S|F	a	3.652
n	<|S|F	nː	5.237
n	>|S|	n	1.047
n	>|S|	nː	2.745
n	>|S|	-	2.967
n	>|S|	a	3.237
n	>|S|	ʤ̊ː	4.552
n	>|S|#	n	1.015
n	>|S|#	nː	2.983
n	>|S|#	ʤ̊ː	3.217
n	>|S|#	a	3.652
n	>|S|<	n	1.411
n	>|S|<	nː	1.7
n	>|S|<	-	2.25
n	>|S|<	a	3.652
n	>|S|<_F	n	0.715
n	>|S|<_F	-	1.812
n	>|S|<_F	a	3.974
n	>|S|>	n	0.855
n	>|S|>	-	2.401
n	>|S|>	nː	3.186
n	>|S|>	a	3.652
n	>|S|F	n	0.75
n	>|S|F	-	1.874
n	>|S|F	a	3.652
n	>|S|F	nː	5.237
n	F_>|S|	n	1.09
n	F_>|S|	nː	2.417
n	F_>|S|	-	2.674
n	F_>|S|	a	3.652
n	F_>|S|	ʤ̊ː	4.863
n	F_>|S|#	n	0.883
n	F_>|S|#	nː	2.694
n	F_>|S|#	ʤ̊ː	3.781
n	F_>|S|#	a	3.974
n	F_>|S|<	nː	1.247
n	F_>|S|<	-	1.812
n	F_>|S|<	n	2.258
n	F_>|S|<	a	3.974
n	F_>|S|<_F	-	0.237
n	F_>|S|<_F	n	3.986
n	F_>|S|<_F	a	4.237
n	F_>|S|>	n	0.847
n	F_>|S|>	-	1.954
n	F_>|S|>	nː	3.305
n	F_>|S|>	a	3.974
n	F_>|S|F	-	0.29
n	F_>|S|F	n	3.722
n	F_>|S|F	a	3.974
n	F|S|	n	1.122
n	F|S|	nː	2.488
n	F|S|	-	2.743
n	F|S|	a	3.237
n	F|S|	ʤ̊ː	4.882
n	F|S|#	n	0.91
n	F|S|#	nː	2.722
n	F|S|#	a	3.652
n	F|S|#	ʤ̊ː	3.835
n	F|S|<	nː	1.316
n	F|S|<	-	1.874
n	F|S|<	n	2.186
n	F|S|<	a	3.652
n	F|S|<_F	-	0.29
n	F|S|<_F	n	3.722
n	F|S|<_F	a	3.974
n	F|S|>	n	0.876
n	F|S|>	-	2.013
n	F|S|>	nː	3.3
n	F|S|>	a	3.652
n	F|S|F	-	0.372
n	F|S|F	n	3.401
n	F|S|F	a	3.652
n	F|S|F	nː	5.237
n	|S|#	a	1.186
n	|S|#	n	1.894
n	|S|#	nː	3.898
n	|S|#	n̥	4.414
n	|S|#	ɹ	4.579
n	|S|#	ʤ̊ː	4.579
n	|S|#	-	5.044
n	|S|<	n	1.907
n	|S|<	nː	2.83
n	|S|<	a	3.237
n	|S|<	-	3.315
n	|S|<	n̥	4.315
n	|S|<_F	n	1.936
n	|S|<_F	-	3.237
n	|S|<_F	n̥	3.401
n	|S|<_F	a	3.652
n	|S|<_F	nː	5.237
n	|S|>	n	0.87
n	|S|>	-	2.551
n	|S|>	a	3.237
n	|S|>	nː	3.244
n	|S|F	n	1.866
n	|S|F	a	3.237
n	|S|F	-	3.26
n	|S|F	n̥	3.486
n	|S|F	nː	4.822
n_d	>|S|	nː	0.0
n_d	>|S|<	nː	0.0
n_d	>|S|<_N	nː	0.0
n_d	>|S|N	nː	0.0
n_d	F_>|S|	nː	0.0
n_d	F_>|S|<	nː	0.0
n_d	F_>|S|<_N	nː	0.0
n_d	F_>|S|N	nː	0.0
n_d	F|S|	nː	0.0
n_d	F|S|<	nː	0.0
n_d	F|S|<_N	nː	0.0
n_d	F|S|N	nː	0.0
n_d	|S|<	nː	0.0
n_d	|S|<_N	nː	0.0
n_d	|S|N	nː	0.0
p	>|S|	ˈœ_d̥	0.0
p	>|S|=	ˈœ_d̥	0.0
p	F_>|S|	ˈœ_d̥	0.0
p	F_>|S|=	ˈœ_d̥	0.0
p	F|S|	ˈœ_d̥	0.0
p	F|S|=	ˈœ_d̥	0.0
p	|S|=	ˈœ_d̥	0.0
p͡f	#|S|	pʰ	0.0
p͡f	#|S|<	pʰ	0.0
p͡f	|S|<	pʰ	0.0
s	<|S|	t	2.285
s	<|S|	ʰt	2.963
s	<|S|#	t	2.7
s	<|S|#	ʰt	3.379
s	>|S|	t	0.771
s	>|S|	ʰt	1.449
s	>|S|#	t	0.728
s	>|S|#	ʰt	1.639
s	>|S|<	t	0.919
s	>|S|<	ʰt	1.086
s	>|S|<_N	ʰt	0.189
s	>|S|<_N	t	3.022
s	>|S|N	ʰt	0.241
s	>|S|N	t	2.7
s	F_>|S|	t	0.664
s	F_>|S|	ʰt	1.439
s	F_>|S|#	t	0.526
s	F_>|S|#	ʰt	1.711
s	F_>|S|<	t	0.935
s	F_>|S|<	ʰt	1.068
s	F_>|S|<_N	ʰt	0.156
s	F_>|S|<_N	t	3.285
s	F_>|S|N	ʰt	0.189
s	F_>|S|N	t	3.022
s	F|S|	t	0.668
s	F|S|	ʰt	1.432
s	F|S|#	t	0.536
s	F|S|#	ʰt	1.688
s	F|S|<	t	0.919
s	F|S|<	ʰt	1.086
s	F|S|<_N	ʰt	0.189
s	F|S|<_N	t	3.022
s	F|S|N	ʰt	0.241
s	F|S|N	t	2.7
s	|S|#	t	0.814
s	|S|#	ʰt	1.69
s	|S|<	t	0.893
s	|S|<	ʰt	1.115
s	|S|<_N	ʰt	0.241
s	|S|<_N	t	2.7
s	|S|N	ʰt	0.331
s	|S|N	t	2.285
s_n	>|S|	t_a	0.0
s_n	>|S|#	t_a	0.0
s_n	F_>|S|	t_a	0.0
s_n	F_>|S|#	t_a	0.0
s_n	F|S|	t_a	0.0
s_n	F|S|#	t_a	0.0
s_n	|S|#	t_a	0.0
s_t	=|S|	s_t	0.0
s_t	=|S|<	s_t	0.0
s_t	>|S|	s_t	0.0
s_t	>|S|#	s_t	0.0
s_t	>|S|<	s_t	0.0
s_t	F_>|S|	s_t	0.0
s_t	F_>|S|#	s_t	0.0
s_t	F_>|S|<	s_t	0.0
s_t	F|S|	s_t	0.0
s_t	F|S|#	s_t	0.0
s_t	F|S|<	s_t	0.0
s_t	|S|#	s_t	0.0
s_t	|S|<	s_t	0.0
s_ɐ	>|S|	ʰt͡n̥	0.0
s_ɐ	>|S|#	ʰt͡n̥	0.0
s_ɐ	F_>|S|	ʰt͡n̥	0.0
s_ɐ	F_>|S|#	ʰt͡n̥	0.0
s_ɐ	F|S|	ʰt͡n̥	0.0
s_ɐ	F|S|#	ʰt͡n̥	0.0
s_ɐ	|S|#	ʰt͡n̥	0.0
t	=|S|	-	0.327
t	=|S|	t	3.787
t	=|S|	ʰt	3.787
t	=|S|	j_ʊ	5.109
t	=|S|	ɹ	5.109
t	=|S|#	-	0.238
t	=|S|#	t	4.202
t	=|S|#	ʰt	4.202
t	>|S|	-	1.504
t	>|S|	t	2.242
t	>|S|	ʰt	2.242
t	>|S|	j_ʊ	3.564
t	>|S|	ɹ	3.564
t	>|S|#	-	1.524
t	>|S|#	ʰt	2.048
t	>|S|#	j_ʊ	2.769
t	>|S|#	ɹ	2.769
t	>|S|#	t	3.097
t	>|S|<	-	1.524
t	>|S|<	t	1.716
t	>|S|<	ʰt	2.479
t	>|S|<_F	t	0.246
t	>|S|<_F	-	3.676
t	>|S|<_F	ʰt	4.524
t	>|S|<_N	-	0.56
t	>|S|<_N	t	4.524
t	>|S|<_N	ʰt	4.524
t	>|S|F	t	0.314
t	>|S|F	-	3.354
t	>|S|F	ʰt	4.202
t	>|S|N	-	0.599
t	>|S|N	t	4.202
t	>|S|N	ʰt	4.202
t	F_>|S|	-	0.468
t	F_>|S|	ɹ	2.769
t	F_>|S|	t	4.202
t	F_>|S|	ʰt	4.202
t	F_>|S|#	-	0.709
t	F_>|S|#	ɹ	1.816
t	F_>|S|#	t	4.524
t	F_>|S|#	ʰt	4.524
t	F_>|S|<	-	0.187
t	F_>|S|<	t	4.524
t	F_>|S|<	ʰt	4.524
t	F_>|S|<_N	-	0.154
t	F_>|S|<_N	t	4.787
t	F_>|S|<_N	ʰt	4.787
t	F_>|S|N	-	0.187
t	F_>|S|N	t	4.524
t	F_>|S|N	ʰt	4.524
t	F|S|	-	0.544
t	F|S|	ɹ	2.836
t	F|S|	t	3.787
t	F|S|	ʰt	3.787
t	F|S|	j_ʊ	5.109
t	F|S|#	-	0.742
t	F|S|#	ɹ	1.88
t	F|S|#	t	4.202
t	F|S|#	ʰt	4.202
t	F|S|<	-	0.238
t	F|S|<	t	4.202
t	F|S|<	ʰt	4.202
t	F|S|<_N	-	0.187
t	F|S|<_N	t	4.524
t	F|S|<_N	ʰt	4.524
t	F|S|N	-	0.238
t	F|S|N	t	4.202
t	F|S|N	ʰt	4.202
t	|S|#	-	1.37
t	|S|#	ʰt	2.144
t	|S|#	j_ʊ	2.926
t	|S|#	ɹ	2.926
t	|S|#	t	3.015
t	|S|<	-	1.504
t	|S|<	t	1.763
t	|S|<	ʰt	2.446
t	|S|<	j_ʊ	5.109
t	|S|<	ɹ	5.109
t	|S|<_F	t	0.314
t	|S|<_F	-	3.354
t	|S|<_F	ʰt	4.202
t	|S|<_N	-	0.599
t	|S|<_N	t	4.202
t	|S|<_N	ʰt	4.202
t	|S|F	t	0.436
t	|S|F	-	2.939
t	|S|F	ʰt	3.787
t	|S|F	j_ʊ	5.109
t	|S|F	ɹ	5.109
t	|S|N	-	0.666
t	|S|N	t	3.787
t	|S|N	ʰt	3.787
t	|S|N	j_ʊ	5.109
t	|S|N	ɹ	5.109
t_ɐ	>|S|	ɪ_ɹ	0.0
t_ɐ	>|S|#	ɪ_ɹ	0.0
t_ɐ	F_>|S|	ɪ_ɹ	0.0
t_ɐ	F_>|S|#	ɪ_ɹ	0.0
t_ɐ	F|S|	ɪ_ɹ	0.0
t_ɐ	F|S|#	ɪ_ɹ	0.0
t_ɐ	|S|#	ɪ_ɹ	0.0
tʰ	#|S|	d̥	0.144
tʰ	#|S|<	d̥	0.163
tʰ	#|S|<_F	d̥	0.447
tʰ	#|S|<_R	d̥	0.0
tʰ	#|S|F	d̥	0.415
tʰ	#|S|R	d̥	0.0
tʰ	|S|<	d̥	0.144
tʰ	|S|<_F	d̥	0.415
tʰ	|S|<_R	d̥	0.0
tʰ	|S|F	d̥	0.363
tʰ	|S|R	d̥	0.0
v	#|S|	v	0.642
v	#|S|	kʰ_v	2.959
v	#|S|	-	5.17
v	#|S|<	v	0.685
v	#|S|<	kʰ_v	2.954
v	#|S|<_F	v	0.399
v	#|S|<_F	kʰ_v	2.515
v	#|S|F	v	0.395
v	#|S|F	kʰ_v	2.541
v	<|S|	v	0.389
v	<|S|	-	2.363
v	<|S|	kʰ_v	4.585
v	<|S|<	v	0.395
v	<|S|<	-	2.263
v	<|S|<	kʰ_v	5.0
v	<|S|<_F	v	0.399
v	<|S|<_F	-	2.206
v	<|S|F	v	0.395
v	<|S|F	-	2.263
v	<|S|F	kʰ_v	5.0
v	|S|<	v	0.572
v	|S|<	kʰ_v	3.235
v	|S|<	-	3.82
v	|S|<_F	v	0.395
v	|S|<_F	kʰ_v	3.0
v	|S|<_F	-	3.585
v	|S|F	v	0.389
v	|S|F	kʰ_v	3.0
v	|S|F	-	3.585
x	>|S|	-	0.807
x	>|S|	k	1.222
x	>|S|#	k	0.72
x	>|S|#	-	1.348
x	>|S|<	-	0.637
x	>|S|<	k	1.485
x	>|S|<_N	-	0.129
x	>|S|<_N	k	3.544
x	>|S|>	-	0.163
x	>|S|>	k	3.222
x	>|S|N	-	0.163
x	>|S|N	k	3.222
x	F_>|S|	-	0.949
x	F_>|S|	k	1.052
x	F_>|S|#	k	0.175
x	F_>|S|#	-	3.129
x	F_>|S|<	-	0.129
x	F_>|S|<	k	3.544
x	F_>|S|<_N	-	0.107
x	F_>|S|<_N	k	3.807
x	F_>|S|N	-	0.129
x	F_>|S|N	k	3.544
x	F|S|	-	0.933
x	F|S|	k	1.07
x	F|S|#	k	0.222
x	F|S|#	-	2.807
x	F|S|<	-	0.163
x	F|S|<	k	3.222
x	F|S|<_N	-	0.129
x	F|S|<_N	k	3.544
x	F|S|N	-	0.163
x	F|S|N	k	3.222
x	|S|#	k	0.768
x	|S|#	-	1.277
x	|S|<	-	0.655
x	|S|<	k	1.454
x	|S|<_N	-	0.163
x	|S|<_N	k	3.222
x	|S|>	-	0.222
x	|S|>	k	2.807
x	|S|N	-	0.222
x	|S|N	k	2.807
z	#|S|	s	0.184
z	#|S|	-	3.065
z	#|S|<	s	0.18
z	#|S|<	-	3.09
z	#|S|<_F	s	0.207
z	#|S|<_F	-	2.9
z	#|S|F	s	0.208
z	#|S|F	-	2.899
z	>|S|	s	0.344
z	>|S|	-	2.237
z	>|S|<	s	0.361
z	>|S|<	-	2.174
z	>|S|<_N	s	0.04
z	>|S|<_N	-	5.196
z	>|S|N	s	0.05
z	>|S|N	-	4.874
z	F_>|S|	s	0.482
z	F_>|S|	-	1.816
z	F_>|S|<	s	0.502
z	F_>|S|<	-	1.766
z	F_>|S|<_N	s	0.033
z	F_>|S|N	s	0.04
z	F_>|S|N	-	5.196
z	F|S|	s	0.449
z	F|S|	-	1.901
z	F|S|<	s	0.482
z	F|S|<	-	1.816
z	F|S|<_N	s	0.04
z	F|S|<_N	-	5.196
z	F|S|N	s	0.05
z	F|S|N	-	4.874
z	|S|<	s	0.212
z	|S|<	-	2.874
z	|S|<_F	s	0.208
z	|S|<_F	-	2.899
z	|S|<_N	s	0.05
z	|S|<_N	-	4.874
z	|S|F	s	0.208
z	|S|F	-	2.896
z	|S|N	s	0.067
z	|S|N	-	4.459
ç	>|S|	k	1.09
ç	>|S|	-	1.827
ç	>|S|	ɡ̊	2.412
ç	>|S|#	k	0.853
ç	>|S|#	ɡ̊	1.92
ç	>|S|#	-	3.737
ç	>|S|<	-	0.798
ç	>|S|<	k	1.415
ç	>|S|<	ɡ̊	4.322
ç	>|S|<_N	-	0.218
ç	>|S|<_N	k	3.322
ç	>|S|<_N	ɡ̊	4.644
ç	>|S|=	-	0.278
ç	>|S|=	k	3.0
ç	>|S|=	ɡ̊	4.322
ç	>|S|N	-	0.278
ç	>|S|N	k	3.0
ç	>|S|N	ɡ̊	4.322
ç	F_>|S|	k	1.126
ç	F_>|S|	-	2.049
ç	F_>|S|	ɡ̊	2.206
ç	F_>|S|#	k	1.0
ç	F_>|S|#	ɡ̊	1.705
ç	F_>|S|#	-	4.059
ç	F_>|S|<	k	1.0
ç	F_>|S|<	-	1.12
ç	F_>|S|<	ɡ̊	4.644
ç	F_>|S|<_N	-	0.179
ç	F_>|S|<_N	k	3.585
ç	F_>|S|<_N	ɡ̊	4.907
ç	F_>|S|=	-	0.218
ç	F_>|S|=	k	3.322
ç	F_>|S|=	ɡ̊	4.644
ç	F_>|S|N	-	0.218
ç	F_>|S|N	k	3.322
ç	F_>|S|N	ɡ̊	4.644
ç	F|S|	k	1.111
ç	F|S|	-	2.011
ç	F|S|	ɡ̊	2.219
ç	F|S|#	k	1.0
ç	F|S|#	ɡ̊	1.737
ç	F|S|#	-	3.737
ç	F|S|<	k	1.0
ç	F|S|<	-	1.152
ç	F|S|<	ɡ̊	4.322
ç	F|S|<_N	-	0.218
ç	F|S|<_N	k	3.322
ç	F|S|<_N	ɡ̊	4.644
ç	F|S|=	-	0.278
ç	F|S|=	k	3.0
ç	F|S|=	ɡ̊	4.322
ç	F|S|N	-	0.278
ç	F|S|N	k	3.0
ç	F|S|N	ɡ̊	4.322
ç	|S|#	k	0.869
ç	|S|#	ɡ̊	1.959
ç	|S|#	-	3.322
ç	|S|<	-	0.877
ç	|S|<	k	1.363
ç	|S|<	ɡ̊	3.907
ç	|S|<_N	-	0.278
ç	|S|<_N	k	3.0
ç	|S|<_N	ɡ̊	4.322
ç	|S|=	-	0.383
ç	|S|=	k	2.585
ç	|S|=	ɡ̊	3.907
ç	|S|N	-	0.383
ç	|S|N	k	2.585
ç	|S|N	ɡ̊	3.907
ç_t	>|S|	ʰt_ʊ	0.0
ç_t	>|S|#	ʰt_ʊ	0.0
ç_t	F_>|S|	ʰt_ʊ	0.0
ç_t	F_>|S|#	ʰt_ʊ	0.0
ç_t	F|S|	ʰt_ʊ	0.0
ç_t	F|S|#	ʰt_ʊ	0.0
ç_t	|S|#	ʰt_ʊ	0.0
ŋ	>|S|	ŋ_ɡ̊	0.848
ŋ	>|S|	ŋ	1.585
ŋ	>|S|	ɲ	3.17
ŋ	>|S|#	ŋ_ɡ̊	0.512
ŋ	>|S|#	ŋ	1.885
ŋ	>|S|#	ɲ	5.17
ŋ	>|S|<	ŋ_ɡ̊	1.188
ŋ	>|S|<	ŋ	1.383
ŋ	>|S|<	ɲ	2.492
ŋ	F_>|S|	ŋ_ɡ̊	0.96
ŋ	F_>|S|	ŋ	1.585
ŋ	F_>|S|	ɲ	2.71
ŋ	F_>|S|#	ŋ_ɡ̊	0.634
ŋ	F_>|S|#	ŋ	1.585
ŋ	F_>|S|<	ŋ_ɡ̊	1.404
ŋ	F_>|S|<	ŋ	1.585
ŋ	F_>|S|<	ɲ	1.791
ŋ	F|S|	ŋ_ɡ̊	0.948
ŋ	F|S|	ŋ	1.585
ŋ	F|S|	ɲ	2.755
ŋ	F|S|#	ŋ_ɡ̊	0.646
ŋ	F|S|#	ŋ	1.585
ŋ	F|S|#	ɲ	5.17
ŋ	F|S|<	ŋ_ɡ̊	1.363
ŋ	F|S|<	ŋ	1.585
ŋ	F|S|<	ɲ	1.848
ŋ	|S|#	ŋ_ɡ̊	0.545
ŋ	|S|#	ŋ	1.848
ŋ	|S|#	ɲ	4.755
ŋ	|S|<	ŋ_ɡ̊	1.146
ŋ	|S|<	ŋ	1.404
ŋ	|S|<	ɲ	2.553
ŋ_k	>|S|	ʰk	0.0
ŋ_k	>|S|<	ʰk	0.0
ŋ_k	>|S|<_N	ʰk	0.0
ŋ_k	>|S|N	ʰk	0.0
ŋ_k	F_>|S|	ʰk	0.0
ŋ_k	F_>|S|<	ʰk	0.0
ŋ_k	F_>|S|<_N	ʰk	0.0
ŋ_k	F_>|S|N	ʰk	0.0
ŋ_k	F|S|	ʰk	0.0
ŋ_k	F|S|<	ʰk	0.0
ŋ_k	F|S|<_N	ʰk	0.0
ŋ_k	F|S|N	ʰk	0.0
ŋ_k	|S|<	ʰk	0.0
ŋ_k	|S|<_N	ʰk	0.0
ŋ_k	|S|N	ʰk	0.0
ɐ	<|S|	ɹ	1.722
ɐ	<|S|	ɪ_ɹ	2.722
ɐ	<|S|	ɹ_ʊ	2.929
ɐ	<|S|	ɹ_a	3.459
ɐ	<|S|	ɡ̊_ʊ	4.044
ɐ	<|S|	ɹ_ɪ	4.044
ɐ	<|S|	ʊ	4.044
ɐ	<|S|#	ɹ	1.768
ɐ	<|S|#	ɪ_ɹ	2.541
ɐ	<|S|#	ɹ_ʊ	3.08
ɐ	<|S|#	ɹ_a	3.712
ɐ	<|S|#	ɡ̊_ʊ	3.863
ɐ	<|S|#	ɹ_ɪ	3.863
ɐ	<|S|#	ʊ	3.863
ɐ	<|S|>	ɹ	1.965
ɐ	<|S|>	ɹ_ʊ	2.412
ɐ	<|S|>	ɹ_a	2.533
ɐ	<|S|>	ɪ_ɹ	4.722
ɐ	=|S|	ɹ	0.488
ɐ	=|S|	ɹ_ʊ	2.779
ɐ	=|S|	ɪ_ɹ	4.307
ɐ	=|S|	ɹ_a	5.044
ɐ	=|S|#	ɹ	0.722
ɐ	=|S|#	ɹ_ʊ	1.796
ɐ	=|S|#	ɪ_ɹ	4.722
ɐ	=|S|>	ɹ	0.224
ɐ	=|S|>	ɪ_ɹ	4.722
ɐ	=|S|>	ɹ_ʊ	4.722
ɐ	=|S|>_N	ɹ	0.176
ɐ	=|S|>_N	ɪ_ɹ	5.044
ɐ	=|S|>_N	ɹ_ʊ	5.044
ɐ	=|S|N	ɹ	0.224
ɐ	=|S|N	ɪ_ɹ	4.722
ɐ	=|S|N	ɹ_ʊ	4.722
ɐ	F_<|S|	ɹ	1.256
ɐ	F_<|S|	ɹ_ʊ	3.316
ɐ	F_<|S|	ɹ_a	3.553
ɐ	F_<|S|	ɹ_ɪ	3.687
ɐ	F_<|S|	ɪ_ɹ	4.722
ɐ	F_<|S|#	ɹ	1.183
ɐ	F_<|S|#	ɹ_ʊ	3.069
ɐ	F_<|S|#	ɹ_a	3.223
ɐ	F_<|S|#	ɹ_ɪ	3.307
ɐ	F_<|S|#	ɪ_ɹ	5.044
ɐ	F_<|S|>	ɹ	1.508
ɐ	F_<|S|>	ɪ_ɹ	5.044
ɐ	F_<|S|>	ɹ_ʊ	5.044
ɐ	F_=|S|	ɹ	0.417
ɐ	F_=|S|	ɹ_ʊ	2.786
ɐ	F_=|S|	ɪ_ɹ	4.722
ɐ	F_=|S|#	ɹ	0.694
ɐ	F_=|S|#	ɹ_ʊ	1.752
ɐ	F_=|S|#	ɪ_ɹ	5.044
ɐ	F_=|S|>	ɹ	0.176
ɐ	F_=|S|>	ɪ_ɹ	5.044
ɐ	F_=|S|>	ɹ_ʊ	5.044
ɐ	F_=|S|>_N	ɹ	0.146
ɐ	F_=|S|N	ɹ	0.176
ɐ	F_=|S|N	ɪ_ɹ	5.044
ɐ	F_=|S|N	ɹ_ʊ	5.044
ɐ	F|S|	ɹ	0.923
ɐ	F|S|	ɹ_ʊ	3.051
ɐ	F|S|	ɹ_a	3.935
ɐ	F|S|	ɹ_ɪ	4.177
ɐ	F|S|	ɪ_ɹ	4.307
ɐ	F|S|#	ɹ	1.056
ɐ	F|S|#	ɹ_ʊ	2.618
ɐ	F|S|#	ɹ_a	3.553
ɐ	F|S|#	ɹ_ɪ	3.687
ɐ	F|S|#	ɪ_ɹ	4.722
ɐ	F|S|>	ɹ	0.64
ɐ	F|S|>	ɪ_ɹ	4.722
ɐ	F|S|>	ɹ_ʊ	4.722
ɐ	F|S|>_N	ɹ	0.176
ɐ	F|S|>_N	ɪ_ɹ	5.044
ɐ	F|S|>_N	ɹ_ʊ	5.044
ɐ	F|S|N	ɹ	0.224
ɐ	F|S|N	ɪ_ɹ	4.722
ɐ	F|S|N	ɹ_ʊ	4.722
ɐ	|S|#	ɹ	1.578
ɐ	|S|#	ɪ_ɹ	2.662
ɐ	|S|#	ɹ_ʊ	2.873
ɐ	|S|#	ɹ_a	3.77
ɐ	|S|#	ɡ̊_ʊ	3.984
ɐ	|S|#	ɹ_ɪ	3.984
ɐ	|S|#	ʊ	3.984
ɐ	|S|>	ɹ	0.966
ɐ	|S|>	ɹ_ʊ	3.005
ɐ	|S|>	ɹ_a	3.26
ɐ	|S|>	ɪ_ɹ	4.307
ɐ	|S|>_N	ɹ	0.224
ɐ	|S|>_N	ɪ_ɹ	4.722
ɐ	|S|>_N	ɹ_ʊ	4.722
ɐ	|S|N	ɹ	0.307
ɐ	|S|N	ɪ_ɹ	4.307
ɐ	|S|N	ɹ_ʊ	4.307
ɐ	|S|N	ɹ_a	5.044
ɐ_n	<|S|	t͡n̥	0.0
ɐ_n	<|S|#	t͡n̥	0.0
ɐ_n	=|S|	t͡n̥	0.0
ɐ_n	=|S|#	t͡n̥	0.0
ɐ_n	F_<|S|	t͡n̥	0.0
ɐ_n	F_<|S|#	t͡n̥	0.0
ɐ_n	F_=|S|	t͡n̥	0.0
ɐ_n	F_=|S|#	t͡n̥	0.0
ɐ_n	F|S|	t͡n̥	0.0
ɐ_n	F|S|#	t͡n̥	0.0
ɐ_n	|S|#	t͡n̥	0.0
ɐ_t	<|S|	ɹ	0.0
ɐ_t	<|S|#	ɹ	0.0
ɐ_t	F_<|S|	ɹ	0.0
ɐ_t	F_<|S|#	ɹ	0.0
ɐ_t	F|S|	ɹ	0.0
ɐ_t	F|S|#	ɹ	0.0
ɐ_t	|S|#	ɹ	0.0
ə	<|S|	a	1.031
ə	<|S|	-	1.479
ə	<|S|	ʊ	2.938
ə	<|S|#	a	1.074
ə	<|S|#	-	1.447
ə	<|S|#	ʊ	2.907
ə	<|S|>	a	0.193
ə	<|S|>	-	3.447
ə	<|S|>	ʊ	4.907
ə	<|S|>_R	a	0.152
ə	<|S|>_R	-	3.769
ə	<|S|>_R	ʊ	5.229
ə	<|S|R	a	0.193
ə	<|S|R	-	3.447
ə	<|S|R	ʊ	4.907
ə	|S|#	a	1.066
ə	|S|#	-	1.447
ə	|S|#	ʊ	2.907
ə	|S|>	a	0.263
ə	|S|>	-	3.032
ə	|S|>	ʊ	4.492
ə	|S|>_R	a	0.193
ə	|S|>_R	-	3.447
ə	|S|>_R	ʊ	4.907
ə	|S|R	a	0.263
ə	|S|R	-	3.032
ə	|S|R	ʊ	4.492
ə_n	<|S|	a	0.0
ə_n	<|S|#	a	0.0
ə_n	>|S|	a	0.363
ə_n	>|S|#	a	0.415
ə_n	F_>|S|	a	0.415
ə_n	F_>|S|#	a	0.447
ə_n	F|S|	a	0.363
ə_n	F|S|#	a	0.415
ə_n	|S|#	a	0.1
ɡ	#|S|	ʤ̊	2.454
ɡ	#|S|	ɡ̊	2.729
ɡ	#|S|	-	3.807
ɡ	#|S|	j	4.392
ɡ	#|S|	ɡ̊_v̥	4.392
ɡ	#|S|<	ʤ̊	2.485
ɡ	#|S|<	ɡ̊	2.9
ɡ	#|S|<	-	4.222
ɡ	#|S|<	j	4.807
ɡ	#|S|<	ɡ̊_v̥	4.807
ɡ	#|S|<_F	ʤ̊	1.881
ɡ	#|S|<_F	ɡ̊	2.544
ɡ	#|S|<_F	-	4.544
ɡ	#|S|<_F	j	5.129
ɡ	#|S|<_F	ɡ̊_v̥	5.129
ɡ	#|S|<_R	ɡ̊	4.129
ɡ	#|S|<_R	-	4.544
ɡ	#|S|<_R	ʤ̊	4.544
ɡ	#|S|<_R	j	5.129
ɡ	#|S|<_R	ɡ̊_v̥	5.129
ɡ	#|S|F	ʤ̊	1.9
ɡ	#|S|F	ɡ̊	2.485
ɡ	#|S|F	-	4.222
ɡ	#|S|F	j	4.807
ɡ	#|S|F	ɡ̊_v̥	4.807
ɡ	#|S|R	ɡ̊	3.807
ɡ	#|S|R	-	4.222
ɡ	#|S|R	ʤ̊	4.222
ɡ	#|S|R	j	4.807
ɡ	#|S|R	ɡ̊_v̥	4.807
ɡ	>|S|	ɡ̊	1.933
ɡ	>|S|	-	2.07
ɡ	>|S|	j	2.655
ɡ	>|S|	ɡ̊_v̥	2.655
ɡ	>|S|	ʤ̊	2.977
ɡ	>|S|<	ɡ̊	1.949
ɡ	>|S|<	-	2.052
ɡ	>|S|<	j	2.637
ɡ	>|S|<	ɡ̊_v̥	2.637
ɡ	>|S|<	ʤ̊	3.107
ɡ	>|S|<_N	-	2.042
ɡ	>|S|<_N	ɡ̊_v̥	2.129
ɡ	>|S|<_N	ɡ̊	2.67
ɡ	>|S|<_N	ʤ̊	2.807
ɡ	>|S|<_N	j	2.959
ɡ	>|S|N	-	2.052
ɡ	>|S|N	ɡ̊_v̥	2.163
ɡ	>|S|N	ɡ̊	2.598
ɡ	>|S|N	ʤ̊	2.763
ɡ	>|S|N	j	2.949
ɡ	F_>|S|	-	1.844
ɡ	F_>|S|	ɡ̊	2.175
ɡ	F_>|S|	j	2.429
ɡ	F_>|S|	ɡ̊_v̥	2.429
ɡ	F_>|S|	ʤ̊	4.222
ɡ	F_>|S|<	-	1.822
ɡ	F_>|S|<	ɡ̊	2.203
ɡ	F_>|S|<	j	2.407
ɡ	F_>|S|<	ɡ̊_v̥	2.407
ɡ	F_>|S|<	ʤ̊	4.544
ɡ	F_>|S|<_N	-	1.869
ɡ	F_>|S|<_N	ɡ̊_v̥	1.933
ɡ	F_>|S|<_N	ɡ̊	2.585
ɡ	F_>|S|<_N	j	2.807
ɡ	F_>|S|<_N	ʤ̊	4.807
ɡ	F_>|S|N	-	1.881
ɡ	F_>|S|N	ɡ̊_v̥	1.959
ɡ	F_>|S|N	ɡ̊	2.544
ɡ	F_>|S|N	j	2.807
ɡ	F_>|S|N	ʤ̊	4.544
ɡ	F|S|	-	1.881
ɡ	F|S|	ɡ̊	2.129
ɡ	F|S|	j	2.466
ɡ	F|S|	ɡ̊_v̥	2.466
ɡ	F|S|	ʤ̊	3.807
ɡ	F|S|<	-	1.844
ɡ	F|S|<	ɡ̊	2.175
ɡ	F|S|<	j	2.429
ɡ	F|S|<	ɡ̊_v̥	2.429
ɡ	F|S|<	ʤ̊	4.222
ɡ	F|S|<_N	-	1.881
ɡ	F|S|<_N	ɡ̊_v̥	1.959
ɡ	F|S|<_N	ɡ̊	2.544
ɡ	F|S|<_N	j	2.807
ɡ	F|S|<_N	ʤ̊	4.544
ɡ	F|S|N	-	1.9
ɡ	F|S|N	ɡ̊_v̥	2.0
ɡ	F|S|N	ɡ̊	2.485
ɡ	F|S|N	j	2.807
ɡ	F|S|N	ʤ̊	4.222
ɡ	|S|<	ɡ̊	2.277
ɡ	|S|<	-	2.692
ɡ	|S|<	ʤ̊	2.692
ɡ	|S|<	j	3.277
ɡ	|S|<	ɡ̊_v̥	3.277
ɡ	|S|<_F	ʤ̊	1.9
ɡ	|S|<_F	ɡ̊	2.485
ɡ	|S|<_F	-	4.222
ɡ	|S|<_F	j	4.807
ɡ	|S|<_F	ɡ̊_v̥	4.807
ɡ	|S|<_N	-	2.052
ɡ	|S|<_N	ɡ̊_v̥	2.163
ɡ	|S|<_N	ɡ̊	2.598
ɡ	|S|<_N	ʤ̊	2.763
ɡ	|S|<_N	j	2.949
ɡ	|S|<_R	ɡ̊	3.807
ɡ	|S|<_R	-	4.222
ɡ	|S|<_R	ʤ̊	4.222
ɡ	|S|<_R	j	4.807
ɡ	|S|<_R	ɡ̊_v̥	4.807
ɡ	|S|F	ʤ̊	1.933
ɡ	|S|F	ɡ̊	2.392
ɡ	|S|F	-	3.807
ɡ	|S|F	j	4.392
ɡ	|S|F	ɡ̊_v̥	4.392
ɡ	|S|N	-	2.07
ɡ	|S|N	ɡ̊_v̥	2.222
ɡ	|S|N	ɡ̊	2.485
ɡ	|S|N	ʤ̊	2.692
ɡ	|S|N	j	2.933
ɡ	|S|R	ɡ̊	3.392
ɡ	|S|R	-	3.807
ɡ	|S|R	ʤ̊	3.807
ɡ	|S|R	j	4.392
ɡ	|S|R	ɡ̊_v̥	4.392
ɡ̊	>|S|	-	0.0
ɡ̊	>|S|#	-	0.0
ɡ̊	F_>|S|	-	0.0
ɡ̊	F_>|S|#	-	0.0
ɡ̊	F|S|	-	0.0
ɡ̊	F|S|#	-	0.0
ɡ̊	|S|#	-	0.0
ɪ	<|S|	ŋ	0.363
ɪ	<|S|>	ŋ	0.415
ɪ	|S|>	ŋ	0.363
ʁ	#|S|	ɹ	1.755
ʁ	#|S|	-	4.755
ʁ	#|S|<	ɹ	2.17
ʁ	#|S|<	-	5.17
ʁ	#|S|<_F	ɹ	2.492
ʁ	#|S|F	ɹ	2.17
ʁ	#|S|F	-	5.17
ʁ	<|S|	ɹ	0.128
ʁ	<|S|	-	3.562
ʁ	<|S|<	ɹ	0.122
ʁ	<|S|<	-	3.62
ʁ	<|S|<_F	ɹ	0.032
ʁ	<|S|F	ɹ	0.041
ʁ	<|S|F	-	5.17
ʁ	>|S|	ɹ	0.329
ʁ	>|S|	-	2.295
ʁ	>|S|<	ɹ	0.35
ʁ	>|S|<	-	2.216
ʁ	F_>|S|	ɹ	0.041
ʁ	F_>|S|	-	5.17
ʁ	F_>|S|<	ɹ	0.032
ʁ	F|S|	ɹ	0.054
ʁ	F|S|	-	4.755
ʁ	F|S|<	ɹ	0.041
ʁ	F|S|<	-	5.17
ʁ	|S|<	ɹ	0.501
ʁ	|S|<	-	3.501
ʁ	|S|<_F	ɹ	0.533
ʁ	|S|<_F	-	5.17
ʁ	|S|F	ɹ	0.488
ʁ	|S|F	-	4.755
ʃ	#|S|	s	0.819
ʃ	#|S|	ʃ	1.922
ʃ	#|S|	s_k	2.877
ʃ	#|S|<	s	0.871
ʃ	#|S|<	ʃ	1.941
ʃ	#|S|<	s_k	2.778
ʃ	#|S|<_F	ʃ	0.757
ʃ	#|S|<_F	s_k	2.515
ʃ	#|S|<_F	s	3.322
ʃ	#|S|>	s	0.541
ʃ	#|S|>	ʃ	1.941
ʃ	#|S|>	s_k	4.263
ʃ	#|S|F	ʃ	0.804
ʃ	#|S|F	s_k	2.497
ʃ	#|S|F	s	3.0
ʃ	>|S|	s_k	1.091
ʃ	>|S|	ʃ	1.458
ʃ	>|S|	s	2.585
ʃ	>|S|#	s_k	0.857
ʃ	>|S|#	ʃ	1.631
ʃ	>|S|#	s	3.0
ʃ	>|S|<	ʃ	1.159
ʃ	>|S|<	s_k	1.227
ʃ	>|S|<	s	3.0
ʃ	>|S|<_N	ʃ	0.22
ʃ	>|S|<_N	s	3.322
ʃ	>|S|<_N	s_k	4.585
ʃ	>|S|N	ʃ	0.281
ʃ	>|S|N	s	3.0
ʃ	>|S|N	s_k	4.263
ʃ	F_>|S|	s_k	0.318
ʃ	F_>|S|	s	3.0
ʃ	F_>|S|	ʃ	3.778
ʃ	F_>|S|#	s_k	0.249
ʃ	F_>|S|#	s	3.322
ʃ	F_>|S|#	ʃ	4.1
ʃ	F_>|S|<	s_k	0.249
ʃ	F_>|S|<	s	3.322
ʃ	F_>|S|<	ʃ	4.1
ʃ	F|S|	s_k	0.442
ʃ	F|S|	s	2.585
ʃ	F|S|	ʃ	3.363
ʃ	F|S|#	s_k	0.318
ʃ	F|S|#	s	3.0
ʃ	F|S|#	ʃ	3.778
ʃ	F|S|<	s_k	0.318
ʃ	F|S|<	s	3.0
ʃ	F|S|<	ʃ	3.778
ʃ	|S|#	s_k	0.96
ʃ	|S|#	ʃ	1.646
ʃ	|S|#	s	2.585
ʃ	|S|<	s	1.0
ʃ	|S|<	ʃ	1.824
ʃ	|S|<	s_k	2.469
ʃ	|S|<_F	ʃ	0.804
ʃ	|S|<_F	s_k	2.497
ʃ	|S|<_F	s	3.0
ʃ	|S|<_N	ʃ	0.281
ʃ	|S|<_N	s	3.0
ʃ	|S|<_N	s_k	4.263
ʃ	|S|>	s	0.585
ʃ	|S|>	ʃ	1.922
ʃ	|S|>	s_k	3.848
ʃ	|S|F	ʃ	0.885
ʃ	|S|F	s_k	2.469
ʃ	|S|F	s	2.585
ʃ	|S|N	ʃ	0.389
ʃ	|S|N	s	2.585
ʃ	|S|N	s_k	3.848
ʦ	#|S|	tʰ	0.227
ʦ	#|S|	t	4.0
ʦ	#|S|	ʈ	4.585
ʦ	#|S|	ʰt	4.585
ʦ	#|S|<	tʰ	0.167
ʦ	#|S|<	t	4.415
ʦ	#|S|<	ʈ	5.0
ʦ	#|S|<	ʰt	5.0
ʦ	#|S|<_F	tʰ	0.132
ʦ	#|S|<_F	t	4.737
ʦ	#|S|F	tʰ	0.167
ʦ	#|S|F	t	4.415
ʦ	#|S|F	ʈ	5.0
ʦ	#|S|F	ʰt	5.0
ʦ	>|S|	t	1.522
ʦ	>|S|	ʈ	2.107
ʦ	>|S|	ʰt	2.107
ʦ	>|S|	tʰ	2.415
ʦ	>|S|#	ʈ	0.913
ʦ	>|S|#	t	1.752
ʦ	>|S|#	tʰ	2.83
ʦ	>|S|#	ʰt	5.0
ʦ	>|S|<	t	1.245
ʦ	>|S|<	ʰt	1.3
ʦ	>|S|<	tʰ	2.83
ʦ	>|S|<	ʈ	5.0
ʦ	>|S|<_F	ʰt	0.278
ʦ	>|S|<_F	tʰ	3.152
ʦ	>|S|<_F	t	4.737
ʦ	>|S|<_N	t	0.256
ʦ	>|S|<_N	tʰ	3.152
ʦ	>|S|F	ʰt	0.356
ʦ	>|S|F	tʰ	2.83
ʦ	>|S|F	t	4.415
ʦ	>|S|F	ʈ	5.0
ʦ	>|S|N	t	0.328
ʦ	>|S|N	tʰ	2.83
ʦ	>|S|N	ʈ	5.0
ʦ	>|S|N	ʰt	5.0
ʦ	F_>|S|	ʰt	0.913
ʦ	F_>|S|	t	1.752
ʦ	F_>|S|	tʰ	2.83
ʦ	F_>|S|	ʈ	5.0
ʦ	F_>|S|<	ʰt	0.841
ʦ	F_>|S|<	t	1.717
ʦ	F_>|S|<	tʰ	3.152
ʦ	F_>|S|<_F	ʰt	0.227
ʦ	F_>|S|<_F	tʰ	3.415
ʦ	F_>|S|<_F	t	5.0
ʦ	F_>|S|<_N	t	0.21
ʦ	F_>|S|<_N	tʰ	3.415
ʦ	F_>|S|F	ʰt	0.278
ʦ	F_>|S|F	tʰ	3.152
ʦ	F_>|S|F	t	4.737
ʦ	F_>|S|N	t	0.256
ʦ	F_>|S|N	tʰ	3.152
ʦ	F|S|	ʰt	1.041
ʦ	F|S|	t	1.812
ʦ	F|S|	tʰ	2.415
ʦ	F|S|	ʈ	4.585
ʦ	F|S|<	ʰt	0.913
ʦ	F|S|<	t	1.752
ʦ	F|S|<	tʰ	2.83
ʦ	F|S|<	ʈ	5.0
ʦ	F|S|<_F	ʰt	0.278
ʦ	F|S|<_F	tʰ	3.152
ʦ	F|S|<_F	t	4.737
ʦ	F|S|<_N	t	0.256
ʦ	F|S|<_N	tʰ	3.152
ʦ	F|S|F	ʰt	0.356
ʦ	F|S|F	tʰ	2.83
ʦ	F|S|F	t	4.415
ʦ	F|S|F	ʈ	5.0
ʦ	F|S|N	t	0.328
ʦ	F|S|N	tʰ	2.83
ʦ	F|S|N	ʈ	5.0
ʦ	F|S|N	ʰt	5.0
ʦ	|S|#	ʈ	1.041
ʦ	|S|#	t	1.812
ʦ	|S|#	tʰ	2.415
ʦ	|S|#	ʰt	4.585
ʦ	|S|<	tʰ	0.624
ʦ	|S|<	t	2.599
ʦ	|S|<	ʰt	2.794
ʦ	|S|<	ʈ	4.585
ʦ	|S|<_F	tʰ	0.352
ʦ	|S|<_F	ʰt	2.853
ʦ	|S|<_F	t	4.415
ʦ	|S|<_F	ʈ	5.0
ʦ	|S|<_N	t	0.328
ʦ	|S|<_N	tʰ	2.83
ʦ	|S|<_N	ʈ	5.0
ʦ	|S|<_N	ʰt	5.0
ʦ	|S|F	tʰ	0.398
ʦ	|S|F	ʰt	2.869
ʦ	|S|F	t	4.0
ʦ	|S|F	ʈ	4.585
ʦ	|S|N	t	0.456
ʦ	|S|N	tʰ	2.415
ʦ	|S|N	ʈ	4.585
ʦ	|S|N	ʰt	4.585
ˈa	#|S|	ˈɛːa̯	2.229
ˈa	#|S|	ˈa	2.644
ˈa	#|S|	ˈɔ	4.229
ˈa	#|S|	ˈɛ	4.644
ˈa	#|S|=	ˈa	3.059
ˈa	#|S|=	ˈɛːa̯	4.059
ˈa	#|S|=	ˈɔ	4.644
ˈa	#|S|=	ˈɛ	5.059
ˈa	#|S|>	ˈɛːa̯	2.014
ˈa	#|S|>	ˈa	3.059
ˈa	#|S|>	ˈɔ	4.644
ˈa	#|S|>	ˈɛ	5.059
ˈa	#|S|>_N	ˈa	3.381
ˈa	#|S|>_N	ˈɛːa̯	4.381
ˈa	#|S|>_N	ˈɔ	4.966
ˈa	#|S|N	ˈa	3.059
ˈa	#|S|N	ˈɛːa̯	4.059
ˈa	#|S|N	ˈɔ	4.644
ˈa	#|S|N	ˈɛ	5.059
ˈa	<|S|	ˈa	1.059
ˈa	<|S|	ˈɛːa̯	2.229
ˈa	<|S|	ˈɔ	2.644
ˈa	<|S|	ˈɛ	3.059
ˈa	<|S|=	ˈa	0.201
ˈa	<|S|=	ˈɛːa̯	4.059
ˈa	<|S|=	ˈɔ	4.644
ˈa	<|S|=	ˈɛ	5.059
ˈa	<|S|>	ˈa	1.301
ˈa	<|S|>	ˈɛːa̯	2.068
ˈa	<|S|>	ˈɔ	2.451
ˈa	<|S|>	ˈɛ	2.866
ˈa	<|S|>_N	ˈa	0.888
ˈa	<|S|>_N	ˈɛːa̯	2.869
ˈa	<|S|>_N	ˈɔ	3.048
ˈa	<|S|>_N	ˈɛ	3.147
ˈa	<|S|N	ˈa	0.898
ˈa	<|S|N	ˈɛːa̯	2.803
ˈa	<|S|N	ˈɔ	3.019
ˈa	<|S|N	ˈɛ	3.141
ˈa	|S|=	ˈa	0.528
ˈa	|S|=	ˈɛːa̯	3.644
ˈa	|S|=	ˈɔ	4.229
ˈa	|S|=	ˈɛ	4.644
ˈa	|S|>	ˈa	1.421
ˈa	|S|>	ˈɛːa̯	2.059
ˈa	|S|>	ˈɔ	2.644
ˈa	|S|>	ˈɛ	3.059
ˈa	|S|>_N	ˈa	1.014
ˈa	|S|>_N	ˈɛːa̯	2.889
ˈa	|S|>_N	ˈɔ	3.12
ˈa	|S|>_N	ˈɛ	3.252
ˈa	|S|N	ˈa	1.019
ˈa	|S|N	ˈɛːa̯	2.769
ˈa	|S|N	ˈɔ	3.059
ˈa	|S|N	ˈɛ	3.229
ˈa_x	#|S|	ˈɔ	0.0
ˈa_x	#|S|>	ˈɔ	0.0
ˈa_x	<|S|	ˈɔ	0.0
ˈa_x	<|S|>	ˈɔ	0.0
ˈa_x	|S|>	ˈɔ	0.0
ˈaɪ̯	#|S|	ˈai̯	0.885
ˈaɪ̯	#|S|	ˈʊ̯iː	1.526
ˈaɪ̯	#|S|	ˈaːi̯	4.17
ˈaɪ̯	#|S|	-	5.17
ˈaɪ̯	#|S|	ˈɛ	5.17
ˈaɪ̯	#|S|>	ˈai̯	0.804
ˈaɪ̯	#|S|>	ˈʊ̯iː	1.541
ˈaɪ̯	#|S|>	ˈaːi̯	4.585
ˈaɪ̯	#|S|>_N	ˈai̯	0.22
ˈaɪ̯	#|S|>_N	ˈʊ̯iː	3.737
ˈaɪ̯	#|S|>_N	ˈaːi̯	4.907
ˈaɪ̯	#|S|N	ˈai̯	0.281
ˈaɪ̯	#|S|N	ˈʊ̯iː	3.415
ˈaɪ̯	#|S|N	ˈaːi̯	4.585
ˈaɪ̯	<|S|	ˈʊ̯iː	1.4
ˈaɪ̯	<|S|	ˈai̯	1.966
ˈaɪ̯	<|S|	ˈaːi̯	2.454
ˈaɪ̯	<|S|	-	3.454
ˈaɪ̯	<|S|	ˈɛ	3.454
ˈaɪ̯	<|S|#	ˈʊ̯iː	1.093
ˈaɪ̯	<|S|#	-	1.337
ˈaɪ̯	<|S|#	ˈai̯	3.778
ˈaɪ̯	<|S|#	ˈaːi̯	4.585
ˈaɪ̯	<|S|>	ˈʊ̯iː	1.434
ˈaɪ̯	<|S|>	ˈai̯	1.887
ˈaɪ̯	<|S|>	ˈaːi̯	2.325
ˈaɪ̯	<|S|>	ˈɛ	3.325
ˈaɪ̯	<|S|>	-	4.052
ˈaɪ̯	<|S|>_N	ˈʊ̯iː	1.34
ˈaɪ̯	<|S|>_N	ˈaːi̯	1.501
ˈaɪ̯	<|S|>_N	ˈai̯	2.195
ˈaɪ̯	<|S|N	ˈʊ̯iː	1.345
ˈaɪ̯	<|S|N	ˈaːi̯	1.549
ˈaɪ̯	<|S|N	ˈai̯	2.165
ˈaɪ̯	|S|#	ˈʊ̯iː	1.126
ˈaɪ̯	|S|#	-	1.469
ˈaɪ̯	|S|#	ˈai̯	3.363
ˈaɪ̯	|S|#	ˈaːi̯	4.17
ˈaɪ̯	|S|#	ˈɛ	5.17
ˈaɪ̯	|S|>	ˈʊ̯iː	1.444
ˈaɪ̯	|S|>	ˈai̯	1.693
ˈaɪ̯	|S|>	ˈaːi̯	2.5
ˈaɪ̯	|S|>	ˈɛ	3.5
ˈaɪ̯	|S|>	-	4.106
ˈaɪ̯	|S|>_N	ˈʊ̯iː	1.541
ˈaɪ̯	|S|>_N	ˈai̯	1.631
ˈaɪ̯	|S|>_N	ˈaːi̯	1.778
ˈaɪ̯	|S|N	ˈʊ̯iː	1.526
ˈaɪ̯	|S|N	ˈai̯	1.646
ˈaɪ̯	|S|N	ˈaːi̯	1.848
ˈaɪ̯	|S|N	-	5.17
ˈaɪ̯	|S|N	ˈɛ	5.17
ˈaɪ̯_t	<|S|	ˈʊ̯iː	0.0
ˈaɪ̯_t	<|S|#	ˈʊ̯iː	0.0
ˈaɪ̯_t	<|S|<	ˈʊ̯iː	0.0
ˈaɪ̯_t	|S|#	ˈʊ̯iː	0.0
ˈaɪ̯_t	|S|<	ˈʊ̯iː	0.0
ˈaʊ̯	#|S|	ˈʉːu̯	1.476
ˈaʊ̯	#|S|	ˈɛːi̯	1.734
ˈaʊ̯	#|S|	ˈʊ	1.935
ˈaʊ̯	#|S|	-	4.672
ˈaʊ̯	#|S|	ˈɪ_ɡ̊	4.672
ˈaʊ̯	#|S|>	ˈʉːu̯	1.503
ˈaʊ̯	#|S|>	ˈɛːi̯	1.695
ˈaʊ̯	#|S|>	ˈʊ	1.84
ˈaʊ̯	#|S|>	-	5.087
ˈaʊ̯	#|S|>	ˈɪ_ɡ̊	5.087
ˈaʊ̯	<|S|	ˈʉːu̯	1.369
ˈaʊ̯	<|S|	ˈɛːi̯	2.297
ˈaʊ̯	<|S|	-	3.029
ˈaʊ̯	<|S|	ˈɪ_ɡ̊	3.029
ˈaʊ̯	<|S|	ˈʊ	3.628
ˈaʊ̯	<|S|#	ˈɪ_ɡ̊	0.36
ˈaʊ̯	<|S|#	ˈʉːu̯	3.28
ˈaʊ̯	<|S|#	ˈɛːi̯	4.087
ˈaʊ̯	<|S|#	-	5.087
ˈaʊ̯	<|S|#	ˈʊ	5.087
ˈaʊ̯	<|S|=	ˈʉːu̯	0.229
ˈaʊ̯	<|S|=	ˈɛːi̯	4.087
ˈaʊ̯	<|S|=	-	5.087
ˈaʊ̯	<|S|=	ˈɪ_ɡ̊	5.087
ˈaʊ̯	<|S|=	ˈʊ	5.087
ˈaʊ̯	<|S|>	ˈʉːu̯	1.431
ˈaʊ̯	<|S|>	ˈɛːi̯	2.187
ˈaʊ̯	<|S|>	-	2.872
ˈaʊ̯	<|S|>	ˈɪ_ɡ̊	3.591
ˈaʊ̯	<|S|>	ˈʊ	3.591
ˈaʊ̯	<|S|>_N	ˈɛːi̯	1.161
ˈaʊ̯	<|S|>_N	ˈʊ	1.239
ˈaʊ̯	<|S|>_N	ˈʉːu̯	3.602
ˈaʊ̯	<|S|N	ˈɛːi̯	1.205
ˈaʊ̯	<|S|N	ˈʊ	1.306
ˈaʊ̯	<|S|N	ˈʉːu̯	3.28
ˈaʊ̯	<|S|N	-	5.087
ˈaʊ̯	<|S|N	ˈɪ_ɡ̊	5.087
ˈaʊ̯	|S|#	ˈɪ_ɡ̊	0.503
ˈaʊ̯	|S|#	ˈʉːu̯	2.865
ˈaʊ̯	|S|#	ˈɛːi̯	3.672
ˈaʊ̯	|S|#	-	4.672
ˈaʊ̯	|S|#	ˈʊ	4.672
ˈaʊ̯	|S|=	ˈʉːu̯	0.315
ˈaʊ̯	|S|=	ˈɛːi̯	3.672
ˈaʊ̯	|S|=	-	4.672
ˈaʊ̯	|S|=	ˈɪ_ɡ̊	4.672
ˈaʊ̯	|S|=	ˈʊ	4.672
ˈaʊ̯	|S|>	ˈʉːu̯	1.424
ˈaʊ̯	|S|>	ˈɛːi̯	2.087
ˈaʊ̯	|S|>	-	3.087
ˈaʊ̯	|S|>	ˈʊ	3.087
ˈaʊ̯	|S|>	ˈɪ_ɡ̊	3.672
ˈaʊ̯	|S|>_N	ˈɛːi̯	1.205
ˈaʊ̯	|S|>_N	ˈʊ	1.306
ˈaʊ̯	|S|>_N	ˈʉːu̯	3.28
ˈaʊ̯	|S|>_N	-	5.087
ˈaʊ̯	|S|>_N	ˈɪ_ɡ̊	5.087
ˈaʊ̯	|S|N	ˈɛːi̯	1.28
ˈaʊ̯	|S|N	ˈʊ	1.424
ˈaʊ̯	|S|N	ˈʉːu̯	2.865
ˈaʊ̯	|S|N	-	4.672
ˈaʊ̯	|S|N	ˈɪ_ɡ̊	4.672
ˈaː	#|S|	ˈɔ̯aː	0.363
ˈaː	#|S|	ˈɛːa̯	2.948
ˈaː	#|S|	-	3.433
ˈaː	#|S|>	ˈɔ̯aː	0.263
ˈaː	#|S|>	ˈɛːa̯	3.363
ˈaː	#|S|>	-	3.848
ˈaː	<|S|	ˈɛːa̯	1.307
ˈaː	<|S|	ˈɔ̯aː	1.703
ˈaː	<|S|	-	1.793
ˈaː	<|S|=	ˈɔ̯aː	0.263
ˈaː	<|S|=	ˈɛːa̯	3.363
ˈaː	<|S|=	-	3.848
ˈaː	<|S|>	ˈɛːa̯	1.161
ˈaː	<|S|>	-	1.646
ˈaː	<|S|>	ˈɔ̯aː	2.1
ˈaː	<|S|>_N	-	0.225
ˈaː	<|S|>_N	ˈɛːa̯	3.684
ˈaː	<|S|>_N	ˈɔ̯aː	3.907
ˈaː	<|S|N	-	0.287
ˈaː	<|S|N	ˈɛːa̯	3.363
ˈaː	<|S|N	ˈɔ̯aː	3.585
ˈaː	F_<|S|	ˈɔ̯aː	0.263
ˈaː	F_<|S|	ˈɛːa̯	3.363
ˈaː	F_<|S|	-	3.848
ˈaː	F_<|S|=	ˈɔ̯aː	0.206
ˈaː	F_<|S|=	ˈɛːa̯	3.684
ˈaː	F_<|S|=	-	4.17
ˈaː	F|S|	ˈɔ̯aː	0.363
ˈaː	F|S|	ˈɛːa̯	2.948
ˈaː	F|S|	-	3.433
ˈaː	F|S|=	ˈɔ̯aː	0.263
ˈaː	F|S|=	ˈɛːa̯	3.363
ˈaː	F|S|=	-	3.848
ˈaː	|S|=	ˈɔ̯aː	0.363
ˈaː	|S|=	ˈɛːa̯	2.948
ˈaː	|S|=	-	3.433
ˈaː	|S|>	ˈɛːa̯	1.247
ˈaː	|S|>	-	1.733
ˈaː	|S|>	ˈɔ̯aː	1.848
ˈaː	|S|>_N	-	0.287
ˈaː	|S|>_N	ˈɛːa̯	3.363
ˈaː	|S|>_N	ˈɔ̯aː	3.585
ˈaː	|S|N	-	0.397
ˈaː	|S|N	ˈɛːa̯	2.948
ˈaː	|S|N	ˈɔ̯aː	3.17
ˈeː	<|S|	-	1.356
ˈeː	<|S|	ˈeː	1.771
ˈeː	<|S|	ˈɔ̯aː	2.356
ˈeː	<|S|#	ˈɔ̯aː	0.312
ˈeː	<|S|#	-	3.17
ˈeː	<|S|#	ˈeː	3.585
ˈeː	<|S|<	-	0.216
ˈeː	<|S|<	ˈeː	3.585
ˈeː	<|S|<	ˈɔ̯aː	4.17
ˈeː	<|S|>	-	1.469
ˈeː	<|S|>	ˈeː	1.585
ˈeː	<|S|>	ˈɔ̯aː	2.848
ˈeː	<|S|>_N	-	3.492
ˈeː	<|S|>_N	ˈeː	3.907
ˈeː	<|S|>_N	ˈɔ̯aː	4.492
ˈeː	<|S|>_R	ˈeː	0.206
ˈeː	<|S|>_R	-	3.492
ˈeː	<|S|>_R	ˈɔ̯aː	4.492
ˈeː	<|S|N	-	3.17
ˈeː	<|S|N	ˈeː	3.585
ˈeː	<|S|N	ˈɔ̯aː	4.17
ˈeː	<|S|R	ˈeː	0.263
ˈeː	<|S|R	-	3.17
ˈeː	<|S|R	ˈɔ̯aː	4.17
ˈeː	|S|#	ˈɔ̯aː	0.433
ˈeː	|S|#	-	2.755
ˈeː	|S|#	ˈeː	3.17
ˈeː	|S|<	-	0.295
ˈeː	|S|<	ˈeː	3.17
ˈeː	|S|<	ˈɔ̯aː	3.755
ˈeː	|S|>	-	1.433
ˈeː	|S|>	ˈeː	1.585
ˈeː	|S|>	ˈɔ̯aː	2.755
ˈeː	|S|>_N	-	3.17
ˈeː	|S|>_N	ˈeː	3.585
ˈeː	|S|>_N	ˈɔ̯aː	4.17
ˈeː	|S|>_R	ˈeː	0.263
ˈeː	|S|>_R	-	3.17
ˈeː	|S|>_R	ˈɔ̯aː	4.17
ˈeː	|S|N	-	2.755
ˈeː	|S|N	ˈeː	3.17
ˈeː	|S|N	ˈɔ̯aː	3.755
ˈeː	|S|R	ˈeː	0.363
ˈeː	|S|R	-	2.755
ˈeː	|S|R	ˈɔ̯aː	3.755
ˈiː	#|S|	ˈɛːa̯	0.415
ˈiː	#|S|	-	4.0
ˈiː	#|S|	ˈɔːu̯	4.0
ˈiː	#|S|	ˈʉːu̯	4.0
ˈiː	#|S|	ˈʊ̯iː	4.0
ˈiː	#|S|<	ˈɛːa̯	0.3
ˈiː	#|S|<	-	4.415
ˈiː	#|S|<	ˈɔːu̯	4.415
ˈiː	#|S|<	ˈʉːu̯	4.415
ˈiː	#|S|<	ˈʊ̯iː	4.415
ˈiː	<|S|	ˈɛːa̯	2.206
ˈiː	<|S|	-	2.352
ˈiː	<|S|	ˈɔːu̯	2.352
ˈiː	<|S|	ˈʉːu̯	2.352
ˈiː	<|S|	ˈʊ̯iː	2.352
ˈiː	<|S|#	ˈɛːa̯	0.3
ˈiː	<|S|#	-	4.415
ˈiː	<|S|#	ˈɔːu̯	4.415
ˈiː	<|S|#	ˈʉːu̯	4.415
ˈiː	<|S|#	ˈʊ̯iː	4.415
ˈiː	<|S|<	ˈɛːa̯	1.193
ˈiː	<|S|<	ˈʊ̯iː	1.245
ˈiː	<|S|<	-	4.415
ˈiː	<|S|<	ˈɔːu̯	4.415
ˈiː	<|S|<	ˈʉːu̯	4.415
ˈiː	<|S|>	-	1.879
ˈiː	<|S|>	ˈɔːu̯	1.879
ˈiː	<|S|>	ˈʉːu̯	1.879
ˈiː	<|S|>	ˈʊ̯iː	3.037
ˈiː	<|S|>	ˈɛːa̯	4.0
ˈiː	<|S|>_N	ˈʊ̯iː	0.256
ˈiː	<|S|>_N	ˈɛːa̯	4.322
ˈiː	<|S|>_N	-	4.737
ˈiː	<|S|>_N	ˈɔːu̯	4.737
ˈiː	<|S|>_N	ˈʉːu̯	4.737
ˈiː	<|S|N	ˈʊ̯iː	0.328
ˈiː	<|S|N	ˈɛːa̯	4.0
ˈiː	<|S|N	-	4.415
ˈiː	<|S|N	ˈɔːu̯	4.415
ˈiː	<|S|N	ˈʉːu̯	4.415
ˈiː	|S|#	ˈɛːa̯	0.415
ˈiː	|S|#	-	4.0
ˈiː	|S|#	ˈɔːu̯	4.0
ˈiː	|S|#	ˈʉːu̯	4.0
ˈiː	|S|#	ˈʊ̯iː	4.0
ˈiː	|S|<	ˈɛːa̯	1.049
ˈiː	|S|<	ˈʊ̯iː	1.603
ˈiː	|S|<	-	4.0
ˈiː	|S|<	ˈɔːu̯	4.0
ˈiː	|S|<	ˈʉːu̯	4.0
ˈiː	|S|>	-	1.93
ˈiː	|S|>	ˈɔːu̯	1.93
ˈiː	|S|>	ˈʉːu̯	1.93
ˈiː	|S|>	ˈʊ̯iː	2.953
ˈiː	|S|>	ˈɛːa̯	3.585
ˈiː	|S|>_N	ˈʊ̯iː	0.328
ˈiː	|S|>_N	ˈɛːa̯	4.0
ˈiː	|S|>_N	-	4.415
ˈiː	|S|>_N	ˈɔːu̯	4.415
ˈiː	|S|>_N	ˈʉːu̯	4.415
ˈiː	|S|N	ˈʊ̯iː	0.456
ˈiː	|S|N	ˈɛːa̯	3.585
ˈiː	|S|N	-	4.0
ˈiː	|S|N	ˈɔːu̯	4.0
ˈiː	|S|N	ˈʉːu̯	4.0
ˈoː	#|S|	-	1.17
ˈoː	#|S|	ˈɔ	1.363
ˈoː	#|S|	ˈɔ̯aː	3.585
ˈoː	#|S|	ˈɛːi̯	3.585
ˈoː	#|S|<	-	0.263
ˈoː	#|S|<	ˈɔ̯aː	4.0
ˈoː	#|S|<	ˈɛːi̯	4.0
ˈoː	#|S|<	ˈɔ	4.585
ˈoː	#|S|>	ˈɔ	0.337
ˈoː	#|S|>	-	3.585
ˈoː	#|S|>	ˈɔ̯aː	4.0
ˈoː	#|S|>	ˈɛːi̯	4.0
ˈoː	<|S|	-	1.771
ˈoː	<|S|	ˈɔ̯aː	1.915
ˈoː	<|S|	ˈɛːi̯	1.915
ˈoː	<|S|	ˈɔ	3.106
ˈoː	<|S|>	-	1.796
ˈoː	<|S|>	ˈɔ̯aː	1.905
ˈoː	<|S|>	ˈɛːi̯	1.905
ˈoː	<|S|>	ˈɔ	3.186
ˈoː	<|S|>_N	ˈɔ̯aː	1.152
ˈoː	<|S|>_N	-	1.907
ˈoː	<|S|>_N	ˈɔ	2.1
ˈoː	<|S|>_N	ˈɛːi̯	4.322
ˈoː	<|S|N	ˈɔ̯aː	1.193
ˈoː	<|S|N	-	1.885
ˈoː	<|S|N	ˈɔ	2.126
ˈoː	<|S|N	ˈɛːi̯	4.0
ˈoː	|S|<	-	0.363
ˈoː	|S|<	ˈɔ̯aː	3.585
ˈoː	|S|<	ˈɛːi̯	3.585
ˈoː	|S|<	ˈɔ	4.17
ˈoː	|S|>	-	1.848
ˈoː	|S|>	ˈɔ̯aː	2.0
ˈoː	|S|>	ˈɛːi̯	2.0
ˈoː	|S|>	ˈɔ	2.585
ˈoː	|S|>_N	ˈɔ̯aː	1.193
ˈoː	|S|>_N	-	1.885
ˈoː	|S|>_N	ˈɔ	2.126
ˈoː	|S|>_N	ˈɛːi̯	4.0
ˈoː	|S|N	ˈɔ̯aː	1.263
ˈoː	|S|N	-	1.848
ˈoː	|S|N	ˈɔ	2.17
ˈoː	|S|N	ˈɛːi̯	3.585
ˈuː	<|S|	ˈɔːu̯	1.771
ˈuː	<|S|	-	2.356
ˈuː	<|S|	ˈøː	2.356
ˈuː	<|S|	ˈɛ_ɡ̊	2.356
ˈuː	<|S|#	-	1.71
ˈuː	<|S|#	ˈɛ_ɡ̊	1.71
ˈuː	<|S|#	ˈɔːu̯	3.585
ˈuː	<|S|#	ˈøː	4.17
ˈuː	<|S|>	ˈɔːu̯	1.456
ˈuː	<|S|>	ˈøː	2.041
ˈuː	<|S|>	-	2.744
ˈuː	<|S|>	ˈɛ_ɡ̊	2.744
ˈuː	<|S|>_N	ˈɔːu̯	0.206
ˈuː	<|S|>_N	-	4.492
ˈuː	<|S|>_N	ˈøː	4.492
ˈuː	<|S|>_N	ˈɛ_ɡ̊	4.492
ˈuː	<|S|N	ˈɔːu̯	0.263
ˈuː	<|S|N	-	4.17
ˈuː	<|S|N	ˈøː	4.17
ˈuː	<|S|N	ˈɛ_ɡ̊	4.17
ˈuː	|S|#	-	1.755
ˈuː	|S|#	ˈɛ_ɡ̊	1.755
ˈuː	|S|#	ˈɔːu̯	3.17
ˈuː	|S|#	ˈøː	3.755
ˈuː	|S|>	ˈɔːu̯	1.469
ˈuː	|S|>	ˈøː	2.054
ˈuː	|S|>	-	2.667
ˈuː	|S|>	ˈɛ_ɡ̊	2.667
ˈuː	|S|>_N	ˈɔːu̯	0.263
ˈuː	|S|>_N	-	4.17
ˈuː	|S|>_N	ˈøː	4.17
ˈuː	|S|>_N	ˈɛ_ɡ̊	4.17
ˈuː	|S|N	ˈɔːu̯	0.363
ˈuː	|S|N	-	3.755
ˈuː	|S|N	ˈøː	3.755
ˈuː	|S|N	ˈɛ_ɡ̊	3.755
ˈuː_t	<|S|	ˈɔːu̯_w	0.0
ˈuː_t	<|S|#	ˈɔːu̯_w	0.0
ˈuː_t	|S|#	ˈɔːu̯_w	0.0
ˈyː	#|S|	ˈiː	0.322
ˈyː	#|S|	ˈøː	2.322
ˈyː	#|S|>	ˈiː	0.234
ˈyː	#|S|>	ˈøː	2.737
ˈyː	<|S|	ˈøː	0.737
ˈyː	<|S|	ˈiː	1.907
ˈyː	<|S|<	ˈiː	0.234
ˈyː	<|S|<	ˈøː	2.737
ˈyː	<|S|>	ˈøː	0.489
ˈyː	<|S|>	ˈiː	3.322
ˈyː	<|S|>_N	ˈøː	0.12
ˈyː	<|S|>_N	ˈiː	3.644
ˈyː	<|S|N	ˈøː	0.152
ˈyː	<|S|N	ˈiː	3.322
ˈyː	|S|<	ˈiː	0.322
ˈyː	|S|<	ˈøː	2.322
ˈyː	|S|>	ˈøː	0.737
ˈyː	|S|>	ˈiː	1.907
ˈyː	|S|>_N	ˈøː	0.152
ˈyː	|S|>_N	ˈiː	3.322
ˈyː	|S|N	ˈøː	0.206
ˈyː	|S|N	ˈiː	2.907
ˈøː	<|S|	-	0.0
ˈøː	<|S|>	-	0.0
ˈøː	<|S|>_N	-	0.0
ˈøː	<|S|>_R	-	0.0
ˈøː	<|S|N	-	0.0
ˈøː	<|S|R	-	0.0
ˈøː	|S|>	-	0.0
ˈøː	|S|>_N	-	0.0
ˈøː	|S|>_R	-	0.0
ˈøː	|S|N	-	0.0
ˈøː	|S|R	-	0.0
ˈœ	<|S|	-	0.0
ˈœ	<|S|>	-	0.0
ˈœ	<|S|>_N	-	0.0
ˈœ	<|S|N	-	0.0
ˈœ	|S|>	-	0.0
ˈœ	|S|>_N	-	0.0
ˈœ	|S|N	-	0.0
ˈɔ	<|S|	-	2.0
ˈɔ	<|S|	ˈʊ	2.0
ˈɔ	<|S|	ˈoː	2.415
ˈɔ	<|S|	ˈɔ	2.415
ˈɔ	<|S|	ˈœ	3.0
ˈɔ	<|S|<	ˈoː	1.245
ˈɔ	<|S|<	ˈɔ	1.245
ˈɔ	<|S|<	-	4.0
ˈɔ	<|S|<	ˈʊ	4.0
ˈɔ	<|S|<	ˈœ	5.0
ˈɔ	<|S|>	-	1.678
ˈɔ	<|S|>	ˈʊ	1.678
ˈɔ	<|S|>	ˈœ	2.678
ˈɔ	<|S|>	ˈoː	3.193
ˈɔ	<|S|>	ˈɔ	3.193
ˈɔ	<|S|>_N	ˈʊ	1.152
ˈɔ	<|S|>_N	ˈoː	1.193
ˈɔ	<|S|>_N	-	4.322
ˈɔ	<|S|>_N	ˈɔ	4.737
ˈɔ	<|S|N	ˈʊ	1.193
ˈɔ	<|S|N	ˈoː	1.245
ˈɔ	<|S|N	-	4.0
ˈɔ	<|S|N	ˈɔ	4.415
ˈɔ	<|S|N	ˈœ	5.0
ˈɔ	|S|<	ˈoː	1.337
ˈɔ	|S|<	ˈɔ	1.337
ˈɔ	|S|<	-	3.585
ˈɔ	|S|<	ˈʊ	3.585
ˈɔ	|S|<	ˈœ	4.585
ˈɔ	|S|>	-	1.71
ˈɔ	|S|>	ˈʊ	1.71
ˈɔ	|S|>	ˈœ	2.71
ˈɔ	|S|>	ˈoː	3.082
ˈɔ	|S|>	ˈɔ	3.082
ˈɔ	|S|>_N	ˈʊ	1.193
ˈɔ	|S|>_N	ˈoː	1.245
ˈɔ	|S|>_N	-	4.0
ˈɔ	|S|>_N	ˈɔ	4.415
ˈɔ	|S|>_N	ˈœ	5.0
ˈɔ	|S|N	ˈʊ	1.263
ˈɔ	|S|N	ˈoː	1.337
ˈɔ	|S|N	-	3.585
ˈɔ	|S|N	ˈɔ	4.0
ˈɔ	|S|N	ˈœ	4.585
ˈɔʏ̯	#|S|	ˈʊ	0.337
ˈɔʏ̯	#|S|	ˈʊ̯iː	3.0
ˈɔʏ̯	#|S|	-	3.585
ˈɔʏ̯	#|S|>	ˈʊ	0.245
ˈɔʏ̯	#|S|>	ˈʊ̯iː	3.415
ˈɔʏ̯	#|S|>	-	4.0
ˈɔʏ̯	<|S|	ˈʊ̯iː	1.284
ˈɔʏ̯	<|S|	ˈʊ	1.664
ˈɔʏ̯	<|S|	-	1.869
ˈɔʏ̯	<|S|#	ˈʊ	0.245
ˈɔʏ̯	<|S|#	ˈʊ̯iː	3.415
ˈɔʏ̯	<|S|#	-	4.0
ˈɔʏ̯	<|S|<	ˈʊ̯iː	0.245
ˈɔʏ̯	<|S|<	ˈʊ	3.415
ˈɔʏ̯	<|S|<	-	4.0
ˈɔʏ̯	<|S|>	-	1.193
ˈɔʏ̯	<|S|>	ˈʊ	1.83
ˈɔʏ̯	<|S|>	ˈʊ̯iː	1.83
ˈɔʏ̯	<|S|>_N	-	0.778
ˈɔʏ̯	<|S|>_N	ˈʊ	1.549
ˈɔʏ̯	<|S|>_N	ˈʊ̯iː	3.737
ˈɔʏ̯	<|S|N	-	0.83
ˈɔʏ̯	<|S|N	ˈʊ	1.541
ˈɔʏ̯	<|S|N	ˈʊ̯iː	3.415
ˈɔʏ̯	|S|#	ˈʊ	0.337
ˈɔʏ̯	|S|#	ˈʊ̯iː	3.0
ˈɔʏ̯	|S|#	-	3.585
ˈɔʏ̯	|S|<	ˈʊ̯iː	0.337
ˈɔʏ̯	|S|<	ˈʊ	3.0
ˈɔʏ̯	|S|<	-	3.585
ˈɔʏ̯	|S|>	ˈʊ	1.352
ˈɔʏ̯	|S|>	-	1.515
ˈɔʏ̯	|S|>	ˈʊ̯iː	1.953
ˈɔʏ̯	|S|>_N	-	0.83
ˈɔʏ̯	|S|>_N	ˈʊ	1.541
ˈɔʏ̯	|S|>_N	ˈʊ̯iː	3.415
ˈɔʏ̯	|S|N	-	0.922
ˈɔʏ̯	|S|N	ˈʊ	1.526
ˈɔʏ̯	|S|N	ˈʊ̯iː	3.0
ˈɛ	#|S|	ˈɛ	1.149
ˈɛ	#|S|	ˈeː	2.149
ˈɛ	#|S|	j	2.28
ˈɛ	#|S|	-	3.672
ˈɛ	#|S|	ˈøː	4.672
ˈɛ	#|S|<	j	0.36
ˈɛ	#|S|<	ˈɛ	3.503
ˈɛ	#|S|<	-	4.087
ˈɛ	#|S|<	ˈeː	4.503
ˈɛ	#|S|<	ˈøː	5.087
ˈɛ	#|S|>	ˈɛ	0.766
ˈɛ	#|S|>	ˈeː	1.766
ˈɛ	#|S|>	-	4.087
ˈɛ	#|S|>	j	5.087
ˈɛ	#|S|>	ˈøː	5.087
ˈɛ	<|S|	ˈɛ	1.631
ˈɛ	<|S|	-	1.818
ˈɛ	<|S|	ˈeː	2.631
ˈɛ	<|S|	ˈøː	2.818
ˈɛ	<|S|	j	3.466
ˈɛ	<|S|<	j	1.306
ˈɛ	<|S|<	ˈøː	1.306
ˈɛ	<|S|<	ˈɛ	3.503
ˈɛ	<|S|<	-	4.087
ˈɛ	<|S|<	ˈeː	4.503
ˈɛ	<|S|>	ˈɛ	1.47
ˈɛ	<|S|>	-	1.593
ˈɛ	<|S|>	ˈeː	2.47
ˈɛ	<|S|>	ˈøː	3.357
ˈɛ	<|S|>	j	5.087
ˈɛ	<|S|>_N	ˈɛ	0.577
ˈɛ	<|S|>_N	ˈøː	2.161
ˈɛ	<|S|>_N	-	4.409
ˈɛ	<|S|>_N	ˈeː	4.824
ˈɛ	<|S|N	ˈɛ	0.62
ˈɛ	<|S|N	ˈøː	2.205
ˈɛ	<|S|N	-	4.087
ˈɛ	<|S|N	ˈeː	4.503
ˈɛ	<|S|N	j	5.087
ˈɛ	|S|<	j	1.048
ˈɛ	|S|<	ˈøː	1.935
ˈɛ	|S|<	ˈɛ	3.087
ˈɛ	|S|<	-	3.672
ˈɛ	|S|<	ˈeː	4.087
ˈɛ	|S|>	ˈɛ	1.31
ˈɛ	|S|>	-	1.895
ˈɛ	|S|>	ˈeː	2.31
ˈɛ	|S|>	ˈøː	3.526
ˈɛ	|S|>	j	4.672
ˈɛ	|S|>_N	ˈɛ	0.62
ˈɛ	|S|>_N	ˈøː	2.205
ˈɛ	|S|>_N	-	4.087
ˈɛ	|S|>_N	ˈeː	4.503
ˈɛ	|S|>_N	j	5.087
ˈɛ	|S|N	ˈɛ	0.695
ˈɛ	|S|N	ˈøː	2.28
ˈɛ	|S|N	-	3.672
ˈɛ	|S|N	ˈeː	4.087
ˈɛ	|S|N	j	4.672
ˈɛː	<|S|	-	0.0
ˈɛː	<|S|<	-	0.0
ˈɛː	<|S|>	-	0.0
ˈɛː	<|S|>_R	-	0.0
ˈɛː	<|S|R	-	0.0
ˈɛː	|S|<	-	0.0
ˈɛː	|S|>	-	0.0
ˈɛː	|S|>_R	-	0.0
ˈɛː	|S|R	-	0.0
ˈɪ	#|S|	-	0.511
ˈɪ	#|S|	ˈɪ	2.373
ˈɪ	#|S|	ˈiː	3.833
ˈɪ	#|S|	ˈœ	4.833
ˈɪ	#|S|>	-	0.365
ˈɪ	#|S|>	ˈɪ	2.788
ˈɪ	#|S|>	ˈiː	4.248
ˈɪ	#|S|>	ˈœ	5.248
ˈɪ	#|S|>_N	-	0.284
ˈɪ	#|S|>_N	ˈɪ	3.11
ˈɪ	#|S|>_N	ˈiː	4.57
ˈɪ	#|S|N	-	0.365
ˈɪ	#|S|N	ˈɪ	2.788
ˈɪ	#|S|N	ˈiː	4.248
ˈɪ	#|S|N	ˈœ	5.248
ˈɪ	<|S|	ˈɪ	0.837
ˈɪ	<|S|	ˈiː	2.297
ˈɪ	<|S|	ˈœ	3.297
ˈɪ	<|S|	-	3.869
ˈɪ	<|S|<	ˈɪ	0.16
ˈɪ	<|S|<	ˈiː	4.248
ˈɪ	<|S|<	-	5.248
ˈɪ	<|S|<	ˈœ	5.248
ˈɪ	<|S|>	ˈɪ	0.89
ˈɪ	<|S|>	ˈiː	2.248
ˈɪ	<|S|>	ˈœ	3.248
ˈɪ	<|S|>	-	3.926
ˈɪ	<|S|>_N	ˈɪ	0.404
ˈɪ	<|S|>_N	ˈiː	4.57
ˈɪ	<|S|N	ˈɪ	0.425
ˈɪ	<|S|N	ˈiː	4.248
ˈɪ	<|S|N	-	5.248
ˈɪ	<|S|N	ˈœ	5.248
ˈɪ	|S|<	ˈɪ	0.218
ˈɪ	|S|<	ˈiː	3.833
ˈɪ	|S|<	-	4.833
ˈɪ	|S|<	ˈœ	4.833
ˈɪ	|S|>	ˈɪ	0.926
ˈɪ	|S|>	ˈiː	2.297
ˈɪ	|S|>	-	3.297
ˈɪ	|S|>	ˈœ	3.297
ˈɪ	|S|>_N	ˈɪ	0.535
ˈɪ	|S|>_N	-	3.404
ˈɪ	|S|>_N	ˈiː	4.248
ˈɪ	|S|>_N	ˈœ	5.248
ˈɪ	|S|N	ˈɪ	0.561
ˈɪ	|S|N	-	3.385
ˈɪ	|S|N	ˈiː	3.833
ˈɪ	|S|N	ˈœ	4.833
ˈʊ	#|S|	ˈʊ	0.737
ˈʊ	#|S|	-	3.907
ˈʊ	#|S|>	ˈʊ	0.798
ˈʊ	#|S|>	-	4.322
ˈʊ	#|S|>_N	ˈʊ	0.837
ˈʊ	#|S|>_N	-	4.644
ˈʊ	#|S|N	ˈʊ	0.798
ˈʊ	#|S|N	-	4.322
ˈʊ	<|S|	ˈʊ	0.447
ˈʊ	<|S|	-	2.322
ˈʊ	<|S|>	ˈʊ	0.464
ˈʊ	<|S|>	-	2.322
ˈʊ	<|S|>_N	ˈʊ	0.059
ˈʊ	<|S|>_N	-	4.644
ˈʊ	<|S|N	ˈʊ	0.074
ˈʊ	<|S|N	-	4.322
ˈʊ	F_<|S|	ˈʊ	0.074
ˈʊ	F_<|S|	-	4.322
ˈʊ	F_<|S|>	ˈʊ	0.059
ˈʊ	F_<|S|>	-	4.644
ˈʊ	F_<|S|>_N	ˈʊ	0.049
ˈʊ	F_<|S|>_N	-	4.907
ˈʊ	F_<|S|N	ˈʊ	0.059
ˈʊ	F_<|S|N	-	4.644
ˈʊ	F|S|	ˈʊ	0.1
ˈʊ	F|S|	-	3.907
ˈʊ	F|S|>	ˈʊ	0.074
ˈʊ	F|S|>	-	4.322
ˈʊ	F|S|>_N	ˈʊ	0.059
ˈʊ	F|S|>_N	-	4.644
ˈʊ	F|S|N	ˈʊ	0.074
ˈʊ	F|S|N	-	4.322
ˈʊ	|S|>	ˈʊ	0.492
ˈʊ	|S|>	-	2.492
ˈʊ	|S|>_N	ˈʊ	0.206
ˈʊ	|S|>_N	-	4.322
ˈʊ	|S|N	ˈʊ	0.219
ˈʊ	|S|N	-	3.907
ˈʊ_ɐ	<|S|	ˈɔ_ɹ	0.585
ˈʊ_ɐ	<|S|>	ˈɔ_ɹ	0.678
ˈʊ_ɐ	<|S|>_N	ˈɔ_ɹ	0.0
ˈʊ_ɐ	<|S|N	ˈɔ_ɹ	0.0
ˈʊ_ɐ	|S|>	ˈɔ_ɹ	0.585
ˈʊ_ɐ	|S|>_N	ˈɔ_ɹ	0.0
ˈʊ_ɐ	|S|N	ˈɔ_ɹ	0.0
ˈʏ	<|S|	ˈɪ	0.485
ˈʏ	<|S|	ˈʊ	1.807
ˈʏ	<|S|<	ˈʊ	0.284
ˈʏ	<|S|<	ˈɪ	2.485
ˈʏ	<|S|>	ˈɪ	0.316
ˈʏ	<|S|>	ˈʊ	2.348
ˈʏ	<|S|>_N	ˈɪ	0.564
ˈʏ	<|S|>_N	ˈʊ	1.627
ˈʏ	<|S|N	ˈɪ	0.559
ˈʏ	<|S|N	ˈʊ	1.637
ˈʏ	|S|<	ˈʊ	0.392
ˈʏ	|S|<	ˈɪ	2.07
ˈʏ	|S|>	ˈɪ	0.333
ˈʏ	|S|>	ˈʊ	2.277
ˈʏ	|S|>_N	ˈɪ	0.559
ˈʏ	|S|>_N	ˈʊ	1.637
ˈʏ	|S|N	ˈɪ	0.551
ˈʏ	|S|N	ˈʊ	1.655